# Epot  =   4382.932 +- 13.91593
# Ekin  =  32705.826 +- 13.91339
# E     =  37088.758 +- 0.03158
# Pt    =      0.004 +- 0.00004
# Tinst =     85.171 +- 0.03623
# Using 1000 blocks of 500 points, starting from the 0th frame (equilibrium achieved)
# 
2.505000e-02 2.616564e+03 3.447071e+04 3.708727e+04 1.501164e-04 8.976747e+01
7.505000e-02 -5.651448e+02 3.765250e+04 3.708736e+04 3.024487e-04 9.805339e+01
1.250500e-01 6.035864e+02 3.648379e+04 3.708737e+04 1.012331e-04 9.500986e+01
1.750500e-01 -6.457070e+02 3.773306e+04 3.708736e+04 2.019631e-04 9.826318e+01
2.250500e-01 5.431676e+02 3.654421e+04 3.708737e+04 2.245632e-04 9.516720e+01
2.750500e-01 2.681913e+03 3.440548e+04 3.708739e+04 4.485040e-04 8.959760e+01
3.250500e-01 5.601844e+03 3.148548e+04 3.708733e+04 7.456987e-04 8.199344e+01
3.750500e-01 2.353951e+03 3.473337e+04 3.708732e+04 7.472371e-04 9.045149e+01
4.250500e-01 1.550378e+03 3.553702e+04 3.708740e+04 7.637183e-04 9.254432e+01
4.750500e-01 9.050166e+02 3.618239e+04 3.708740e+04 7.496944e-04 9.422496e+01
5.250500e-01 1.942013e+03 3.514537e+04 3.708739e+04 7.916832e-04 9.152441e+01
5.750500e-01 8.194674e+03 2.889270e+04 3.708738e+04 8.167137e-04 7.524142e+01
6.250500e-01 4.561144e+03 3.252623e+04 3.708738e+04 7.925063e-04 8.470373e+01
6.750500e-01 4.213097e+03 3.287433e+04 3.708743e+04 7.316907e-04 8.561024e+01
7.250500e-01 4.650466e+03 3.243690e+04 3.708736e+04 5.811309e-04 8.447109e+01
7.750500e-01 4.361181e+03 3.272618e+04 3.708736e+04 6.495752e-04 8.522443e+01
8.250500e-01 4.321199e+03 3.276617e+04 3.708737e+04 7.203261e-04 8.532858e+01
8.750500e-01 4.111815e+03 3.297560e+04 3.708742e+04 1.065273e-03 8.587397e+01
9.250500e-01 4.314715e+03 3.277275e+04 3.708747e+04 1.194521e-03 8.534571e+01
9.750500e-01 4.373638e+03 3.271380e+04 3.708744e+04 1.165451e-03 8.519220e+01
1.025050e+00 4.263029e+03 3.282439e+04 3.708742e+04 1.105797e-03 8.548018e+01
1.075050e+00 4.731422e+03 3.235597e+04 3.708739e+04 9.525226e-04 8.426035e+01
1.125050e+00 3.979911e+03 3.310749e+04 3.708740e+04 9.235207e-04 8.621742e+01
1.175050e+00 4.324307e+03 3.276305e+04 3.708736e+04 1.015056e-03 8.532044e+01
1.225050e+00 4.047222e+03 3.304018e+04 3.708740e+04 8.303600e-04 8.604214e+01
1.275050e+00 3.992153e+03 3.309521e+04 3.708737e+04 6.842776e-04 8.618545e+01
1.325050e+00 4.169065e+03 3.291831e+04 3.708738e+04 4.127940e-04 8.572477e+01
1.375050e+00 4.495060e+03 3.259229e+04 3.708735e+04 4.620665e-04 8.487575e+01
1.425050e+00 3.953503e+03 3.313386e+04 3.708737e+04 9.297257e-04 8.628610e+01
1.475050e+00 4.121231e+03 3.296614e+04 3.708737e+04 9.569468e-04 8.584933e+01
1.525050e+00 4.519611e+03 3.256782e+04 3.708743e+04 9.609967e-04 8.481203e+01
1.575050e+00 4.115096e+03 3.297235e+04 3.708745e+04 9.700645e-04 8.586550e+01
1.625050e+00 4.494296e+03 3.259316e+04 3.708745e+04 9.126114e-04 8.487801e+01
1.675050e+00 4.739578e+03 3.234794e+04 3.708751e+04 1.179031e-03 8.423941e+01
1.725050e+00 4.385474e+03 3.270207e+04 3.708754e+04 1.236877e-03 8.516163e+01
1.775050e+00 4.392432e+03 3.269514e+04 3.708757e+04 1.402008e-03 8.514358e+01
1.825050e+00 4.821211e+03 3.226638e+04 3.708759e+04 1.534618e-03 8.402704e+01
1.875050e+00 3.935198e+03 3.315241e+04 3.708761e+04 1.518080e-03 8.633440e+01
1.925050e+00 3.998605e+03 3.308898e+04 3.708758e+04 1.698262e-03 8.616921e+01
1.975050e+00 4.392048e+03 3.269550e+04 3.708754e+04 1.815175e-03 8.514452e+01
2.025050e+00 4.652260e+03 3.243527e+04 3.708753e+04 1.753291e-03 8.446685e+01
2.075050e+00 4.307127e+03 3.278035e+04 3.708748e+04 1.829574e-03 8.536551e+01
2.125050e+00 4.210672e+03 3.287682e+04 3.708749e+04 1.978673e-03 8.561672e+01
2.175050e+00 4.304333e+03 3.278319e+04 3.708753e+04 2.044741e-03 8.537290e+01
2.225050e+00 4.403917e+03 3.268363e+04 3.708755e+04 2.137414e-03 8.511362e+01
2.275050e+00 4.456281e+03 3.263130e+04 3.708758e+04 2.332035e-03 8.497735e+01
2.325050e+00 4.313575e+03 3.277401e+04 3.708758e+04 2.386241e-03 8.534898e+01
2.375050e+00 4.418693e+03 3.266889e+04 3.708758e+04 2.245208e-03 8.507523e+01
2.425050e+00 4.466849e+03 3.262072e+04 3.708757e+04 2.104593e-03 8.494979e+01
2.475050e+00 4.854149e+03 3.223343e+04 3.708757e+04 2.019694e-03 8.394121e+01
2.525050e+00 4.367043e+03 3.272060e+04 3.708765e+04 1.817792e-03 8.520990e+01
2.575050e+00 4.274259e+03 3.281340e+04 3.708766e+04 1.897803e-03 8.545157e+01
2.625050e+00 4.548817e+03 3.253885e+04 3.708766e+04 1.725588e-03 8.473658e+01
2.675050e+00 4.133947e+03 3.295368e+04 3.708763e+04 1.791219e-03 8.581688e+01
2.725050e+00 3.984279e+03 3.310335e+04 3.708763e+04 1.863594e-03 8.620664e+01
2.775050e+00 4.003288e+03 3.308435e+04 3.708764e+04 2.117577e-03 8.615715e+01
2.825050e+00 4.303984e+03 3.278367e+04 3.708766e+04 2.284478e-03 8.537415e+01
2.875050e+00 4.573219e+03 3.251443e+04 3.708765e+04 2.702917e-03 8.467300e+01
2.925050e+00 4.152311e+03 3.293535e+04 3.708766e+04 2.971430e-03 8.576914e+01
2.975050e+00 4.244039e+03 3.284364e+04 3.708768e+04 2.980603e-03 8.553030e+01
3.025050e+00 4.244786e+03 3.284296e+04 3.708775e+04 2.961877e-03 8.552855e+01
3.075050e+00 4.206911e+03 3.288082e+04 3.708773e+04 3.122735e-03 8.562714e+01
3.125050e+00 4.621623e+03 3.246611e+04 3.708773e+04 3.264959e-03 8.454715e+01
3.175050e+00 4.209852e+03 3.287788e+04 3.708773e+04 3.352935e-03 8.561948e+01
3.225050e+00 4.430514e+03 3.265723e+04 3.708774e+04 3.423067e-03 8.504486e+01
3.275050e+00 4.356943e+03 3.273079e+04 3.708773e+04 3.459527e-03 8.523644e+01
3.325050e+00 4.150780e+03 3.293690e+04 3.708768e+04 3.655082e-03 8.577317e+01
3.375050e+00 4.181793e+03 3.290587e+04 3.708767e+04 3.741663e-03 8.569238e+01
3.425050e+00 4.427290e+03 3.266039e+04 3.708768e+04 3.668390e-03 8.505311e+01
3.475050e+00 4.304697e+03 3.278299e+04 3.708769e+04 3.700871e-03 8.537236e+01
3.525050e+00 4.169840e+03 3.291776e+04 3.708760e+04 3.890843e-03 8.572333e+01
3.575050e+00 4.853624e+03 3.223390e+04 3.708753e+04 3.908349e-03 8.394245e+01
3.625050e+00 4.417320e+03 3.267019e+04 3.708751e+04 3.947567e-03 8.507862e+01
3.675050e+00 4.171910e+03 3.291559e+04 3.708750e+04 3.808510e-03 8.571768e+01
3.725050e+00 4.433188e+03 3.265429e+04 3.708748e+04 3.810266e-03 8.503721e+01
3.775050e+00 4.716073e+03 3.237136e+04 3.708743e+04 3.949837e-03 8.430041e+01
3.825050e+00 4.411814e+03 3.267562e+04 3.708744e+04 3.904905e-03 8.509277e+01
3.875050e+00 4.518737e+03 3.256865e+04 3.708738e+04 3.735249e-03 8.481419e+01
3.925050e+00 4.517509e+03 3.256987e+04 3.708738e+04 3.848685e-03 8.481737e+01
3.975050e+00 3.901921e+03 3.318544e+04 3.708736e+04 4.051887e-03 8.642042e+01
4.025050e+00 4.191376e+03 3.289600e+04 3.708738e+04 3.955401e-03 8.566667e+01
4.075050e+00 4.238377e+03 3.284899e+04 3.708736e+04 3.858237e-03 8.554423e+01
4.125050e+00 4.082501e+03 3.300485e+04 3.708735e+04 3.654852e-03 8.595013e+01
4.175050e+00 3.920334e+03 3.316704e+04 3.708737e+04 3.565801e-03 8.637249e+01
4.225050e+00 4.376781e+03 3.271059e+04 3.708737e+04 3.633786e-03 8.518383e+01
4.275050e+00 4.042234e+03 3.304511e+04 3.708735e+04 3.519528e-03 8.605498e+01
4.325050e+00 4.695117e+03 3.239225e+04 3.708737e+04 3.594207e-03 8.435482e+01
4.375050e+00 4.760951e+03 3.232641e+04 3.708736e+04 3.729021e-03 8.418336e+01
4.425050e+00 4.756157e+03 3.233123e+04 3.708738e+04 3.833878e-03 8.419590e+01
4.475050e+00 4.706441e+03 3.238085e+04 3.708729e+04 3.880094e-03 8.432513e+01
4.525050e+00 4.521329e+03 3.256590e+04 3.708723e+04 4.052257e-03 8.480704e+01
4.575050e+00 4.667840e+03 3.241942e+04 3.708726e+04 4.132742e-03 8.442558e+01
4.625050e+00 4.706441e+03 3.238078e+04 3.708722e+04 4.046183e-03 8.432496e+01
4.675050e+00 4.638005e+03 3.244923e+04 3.708723e+04 3.897794e-03 8.450320e+01
4.725050e+00 4.094741e+03 3.299251e+04 3.708725e+04 3.716651e-03 8.591800e+01
4.775050e+00 4.093128e+03 3.299414e+04 3.708727e+04 3.659849e-03 8.592224e+01
4.825050e+00 4.235372e+03 3.285188e+04 3.708725e+04 3.668557e-03 8.555176e+01
4.875050e+00 4.764488e+03 3.232277e+04 3.708726e+04 3.762399e-03 8.417387e+01
4.925050e+00 4.804381e+03 3.228287e+04 3.708725e+04 3.851018e-03 8.406998e+01
4.975050e+00 4.346153e+03 3.274110e+04 3.708725e+04 3.876747e-03 8.526327e+01
5.025050e+00 4.596645e+03 3.249061e+04 3.708725e+04 3.860691e-03 8.461096e+01
5.075050e+00 4.429278e+03 3.265795e+04 3.708723e+04 4.055314e-03 8.504674e+01
5.125050e+00 4.176361e+03 3.291089e+04 3.708725e+04 3.968742e-03 8.570545e+01
5.175050e+00 4.167976e+03 3.291931e+04 3.708728e+04 3.948564e-03 8.572736e+01
5.225050e+00 4.259582e+03 3.282769e+04 3.708728e+04 3.808582e-03 8.548879e+01
5.275050e+00 4.595231e+03 3.249202e+04 3.708726e+04 3.787840e-03 8.461465e+01
5.325050e+00 4.706231e+03 3.238102e+04 3.708725e+04 3.795942e-03 8.432557e+01
5.375050e+00 4.137835e+03 3.294943e+04 3.708727e+04 3.709702e-03 8.580582e+01
5.425050e+00 4.592088e+03 3.249517e+04 3.708726e+04 3.545741e-03 8.462285e+01
5.475050e+00 4.723981e+03 3.236329e+04 3.708727e+04 3.525053e-03 8.427940e+01
5.525050e+00 4.495840e+03 3.259147e+04 3.708731e+04 3.672066e-03 8.487362e+01
5.575050e+00 4.242580e+03 3.284475e+04 3.708733e+04 3.661996e-03 8.553320e+01
5.625050e+00 4.557630e+03 3.252969e+04 3.708732e+04 3.527040e-03 8.471273e+01
5.675050e+00 4.609406e+03 3.247797e+04 3.708737e+04 3.532528e-03 8.457804e+01
5.725050e+00 4.160833e+03 3.292654e+04 3.708737e+04 3.592377e-03 8.574620e+01
5.775050e+00 4.150464e+03 3.293697e+04 3.708743e+04 3.688500e-03 8.577335e+01
5.825050e+00 4.599599e+03 3.248783e+04 3.708743e+04 3.574877e-03 8.460373e+01
5.875050e+00 4.340081e+03 3.274734e+04 3.708742e+04 3.406832e-03 8.527953e+01
5.925050e+00 3.863118e+03 3.322429e+04 3.708740e+04 3.289843e-03 8.652158e+01
5.975050e+00 4.416197e+03 3.267127e+04 3.708746e+04 3.306702e-03 8.508143e+01
6.025050e+00 4.898156e+03 3.218937e+04 3.708753e+04 3.341010e-03 8.382649e+01
6.075050e+00 4.995830e+03 3.209172e+04 3.708755e+04 3.502057e-03 8.357218e+01
6.125050e+00 4.247388e+03 3.284011e+04 3.708750e+04 3.584258e-03 8.552113e+01
6.175050e+00 4.020778e+03 3.306678e+04 3.708756e+04 3.598398e-03 8.611141e+01
6.225050e+00 4.598288e+03 3.248927e+04 3.708756e+04 3.726936e-03 8.460748e+01
6.275050e+00 4.402077e+03 3.268548e+04 3.708756e+04 3.781357e-03 8.511845e+01
6.325050e+00 4.788795e+03 3.229878e+04 3.708757e+04 3.792732e-03 8.411140e+01
6.375050e+00 4.586236e+03 3.250139e+04 3.708763e+04 3.655930e-03 8.463903e+01
6.425050e+00 4.686755e+03 3.240085e+04 3.708761e+04 3.628401e-03 8.437722e+01
6.475050e+00 4.654850e+03 3.243276e+04 3.708761e+04 3.615085e-03 8.446031e+01
6.525050e+00 4.227937e+03 3.285972e+04 3.708766e+04 3.633908e-03 8.557220e+01
6.575050e+00 4.327151e+03 3.276052e+04 3.708767e+04 3.565892e-03 8.531386e+01
6.625050e+00 4.292153e+03 3.279552e+04 3.708767e+04 3.637085e-03 8.540499e+01
6.675050e+00 4.687231e+03 3.240043e+04 3.708766e+04 3.533212e-03 8.437613e+01
6.725050e+00 4.253133e+03 3.283458e+04 3.708771e+04 3.536793e-03 8.550671e+01
6.775050e+00 4.505029e+03 3.258273e+04 3.708776e+04 3.517411e-03 8.485087e+01
6.825050e+00 4.386789e+03 3.270100e+04 3.708779e+04 3.681326e-03 8.515885e+01
6.875050e+00 4.695926e+03 3.239182e+04 3.708774e+04 3.699387e-03 8.435369e+01
6.925050e+00 4.577866e+03 3.250987e+04 3.708774e+04 3.878915e-03 8.466113e+01
6.975050e+00 4.580973e+03 3.250675e+04 3.708772e+04 4.090913e-03 8.465299e+01
7.025050e+00 4.711914e+03 3.237582e+04 3.708774e+04 4.112889e-03 8.431204e+01
7.075050e+00 4.266412e+03 3.282132e+04 3.708773e+04 4.265830e-03 8.547218e+01
7.125050e+00 4.451659e+03 3.263609e+04 3.708775e+04 4.125642e-03 8.498982e+01
7.175050e+00 4.085845e+03 3.300190e+04 3.708774e+04 4.139324e-03 8.594244e+01
7.225050e+00 4.536852e+03 3.255086e+04 3.708771e+04 4.353751e-03 8.476786e+01
7.275050e+00 4.770331e+03 3.231738e+04 3.708771e+04 4.697108e-03 8.415985e+01
7.325050e+00 4.348253e+03 3.273951e+04 3.708777e+04 4.600714e-03 8.525915e+01
7.375050e+00 4.460458e+03 3.262727e+04 3.708773e+04 4.575517e-03 8.496685e+01
7.425050e+00 4.423045e+03 3.266471e+04 3.708776e+04 4.423826e-03 8.506436e+01
7.475050e+00 4.408045e+03 3.267976e+04 3.708780e+04 4.290973e-03 8.510354e+01
7.525050e+00 4.238629e+03 3.284920e+04 3.708783e+04 4.356355e-03 8.554478e+01
7.575050e+00 4.274570e+03 3.281322e+04 3.708779e+04 4.205992e-03 8.545111e+01
7.625050e+00 4.584323e+03 3.250346e+04 3.708778e+04 3.998057e-03 8.464442e+01
7.675050e+00 4.209610e+03 3.287824e+04 3.708785e+04 3.787367e-03 8.562042e+01
7.725050e+00 4.649966e+03 3.243787e+04 3.708783e+04 3.685340e-03 8.447361e+01
7.775050e+00 4.583128e+03 3.250467e+04 3.708779e+04 3.594700e-03 8.464757e+01
7.825050e+00 4.678371e+03 3.240944e+04 3.708781e+04 3.857461e-03 8.439957e+01
7.875050e+00 4.025182e+03 3.306267e+04 3.708785e+04 3.900166e-03 8.610070e+01
7.925050e+00 4.364148e+03 3.272370e+04 3.708785e+04 3.808015e-03 8.521797e+01
7.975050e+00 5.131905e+03 3.195600e+04 3.708790e+04 4.008741e-03 8.321874e+01
8.025050e+00 5.137417e+03 3.195052e+04 3.708793e+04 4.169085e-03 8.320447e+01
8.075050e+00 3.897322e+03 3.319062e+04 3.708794e+04 4.535942e-03 8.643391e+01
8.125050e+00 4.211963e+03 3.287595e+04 3.708791e+04 4.741075e-03 8.561444e+01
8.175050e+00 4.414230e+03 3.267369e+04 3.708791e+04 5.080530e-03 8.508772e+01
8.225050e+00 4.684981e+03 3.240297e+04 3.708795e+04 5.163548e-03 8.438273e+01
8.275050e+00 4.185096e+03 3.290292e+04 3.708801e+04 4.829946e-03 8.568467e+01
8.325050e+00 4.605727e+03 3.248232e+04 3.708805e+04 4.780027e-03 8.458938e+01
8.375050e+00 4.167574e+03 3.292049e+04 3.708806e+04 5.006939e-03 8.573043e+01
8.425050e+00 4.544153e+03 3.254389e+04 3.708804e+04 5.179229e-03 8.474970e+01
8.475050e+00 4.507616e+03 3.258038e+04 3.708800e+04 5.155850e-03 8.484474e+01
8.525050e+00 4.941524e+03 3.214645e+04 3.708797e+04 5.074121e-03 8.371471e+01
8.575050e+00 4.484620e+03 3.260334e+04 3.708796e+04 5.066736e-03 8.490454e+01
8.625050e+00 4.621117e+03 3.246682e+04 3.708793e+04 5.262923e-03 8.454900e+01
8.675050e+00 4.445517e+03 3.264243e+04 3.708795e+04 5.340568e-03 8.500634e+01
8.725050e+00 4.387871e+03 3.270006e+04 3.708793e+04 5.495359e-03 8.515640e+01
8.775050e+00 4.330579e+03 3.275731e+04 3.708789e+04 5.630859e-03 8.530550e+01
8.825050e+00 4.508713e+03 3.257920e+04 3.708791e+04 5.489633e-03 8.484166e+01
8.875050e+00 4.350270e+03 3.273764e+04 3.708791e+04 5.469517e-03 8.525428e+01
8.925050e+00 4.225719e+03 3.286213e+04 3.708785e+04 5.379802e-03 8.557846e+01
8.975050e+00 4.031855e+03 3.305596e+04 3.708781e+04 5.085070e-03 8.608322e+01
9.025050e+00 4.490952e+03 3.259683e+04 3.708778e+04 5.116550e-03 8.488757e+01
9.075050e+00 4.437634e+03 3.265015e+04 3.708778e+04 5.147758e-03 8.502643e+01
9.125050e+00 4.615398e+03 3.247237e+04 3.708777e+04 5.245879e-03 8.456346e+01
9.175050e+00 4.188843e+03 3.289894e+04 3.708778e+04 5.115788e-03 8.567432e+01
9.225050e+00 4.295895e+03 3.279195e+04 3.708785e+04 5.092214e-03 8.539571e+01
9.275050e+00 4.406745e+03 3.268112e+04 3.708787e+04 5.367014e-03 8.510709e+01
9.325050e+00 4.540664e+03 3.254724e+04 3.708790e+04 5.661104e-03 8.475843e+01
9.375050e+00 4.153702e+03 3.293422e+04 3.708792e+04 5.502741e-03 8.576620e+01
9.425050e+00 4.823929e+03 3.226400e+04 3.708793e+04 5.451675e-03 8.402084e+01
9.475050e+00 3.803905e+03 3.328405e+04 3.708796e+04 5.540824e-03 8.667722e+01
9.525050e+00 4.677489e+03 3.241046e+04 3.708795e+04 5.442343e-03 8.440225e+01
9.575050e+00 4.599613e+03 3.248827e+04 3.708788e+04 5.318460e-03 8.460486e+01
9.625050e+00 4.642287e+03 3.244561e+04 3.708789e+04 5.358640e-03 8.449376e+01
9.675050e+00 3.963710e+03 3.312416e+04 3.708787e+04 5.295450e-03 8.626085e+01
9.725050e+00 4.602462e+03 3.248534e+04 3.708780e+04 4.959194e-03 8.459723e+01
9.775050e+00 4.408605e+03 3.267918e+04 3.708779e+04 4.771845e-03 8.510204e+01
9.825050e+00 4.083943e+03 3.300381e+04 3.708775e+04 4.761721e-03 8.594743e+01
9.875050e+00 4.391369e+03 3.269638e+04 3.708775e+04 4.933012e-03 8.514683e+01
9.925050e+00 4.305003e+03 3.278272e+04 3.708772e+04 5.029417e-03 8.537167e+01
9.975050e+00 4.628905e+03 3.245881e+04 3.708771e+04 5.328557e-03 8.452814e+01
1.002505e+01 4.908164e+03 3.217950e+04 3.708766e+04 5.375746e-03 8.380078e+01
1.007505e+01 4.487254e+03 3.260038e+04 3.708763e+04 5.445289e-03 8.489682e+01
1.012505e+01 4.494407e+03 3.259326e+04 3.708767e+04 5.510783e-03 8.487828e+01
1.017505e+01 4.392596e+03 3.269513e+04 3.708772e+04 5.400786e-03 8.514356e+01
1.022505e+01 4.490113e+03 3.259762e+04 3.708773e+04 5.554807e-03 8.488964e+01
1.027505e+01 4.253624e+03 3.283413e+04 3.708776e+04 5.453911e-03 8.550555e+01
1.032505e+01 4.469528e+03 3.261826e+04 3.708778e+04 5.440701e-03 8.494337e+01
1.037505e+01 4.299112e+03 3.278867e+04 3.708778e+04 5.424604e-03 8.538716e+01
1.042505e+01 4.554662e+03 3.253313e+04 3.708779e+04 5.586337e-03 8.472169e+01
1.047505e+01 4.483391e+03 3.260445e+04 3.708784e+04 5.598176e-03 8.490742e+01
1.052505e+01 4.053069e+03 3.303481e+04 3.708787e+04 5.509925e-03 8.602814e+01
1.057505e+01 4.004739e+03 3.308311e+04 3.708784e+04 5.669171e-03 8.615392e+01
1.062505e+01 4.330224e+03 3.275759e+04 3.708782e+04 5.737849e-03 8.530624e+01
1.067505e+01 4.494262e+03 3.259353e+04 3.708779e+04 5.679254e-03 8.487899e+01
1.072505e+01 4.426352e+03 3.266144e+04 3.708779e+04 5.689634e-03 8.505583e+01
1.077505e+01 4.740782e+03 3.234705e+04 3.708783e+04 5.539601e-03 8.423710e+01
1.082505e+01 4.225685e+03 3.286214e+04 3.708783e+04 5.714225e-03 8.557850e+01
1.087505e+01 4.539189e+03 3.254861e+04 3.708780e+04 5.881631e-03 8.476202e+01
1.092505e+01 4.143700e+03 3.294406e+04 3.708776e+04 5.855731e-03 8.579182e+01
1.097505e+01 3.994633e+03 3.309308e+04 3.708771e+04 5.869500e-03 8.617989e+01
1.102505e+01 4.184827e+03 3.290280e+04 3.708763e+04 6.001756e-03 8.568437e+01
1.107505e+01 4.394492e+03 3.269317e+04 3.708766e+04 5.875879e-03 8.513846e+01
1.112505e+01 4.153362e+03 3.293432e+04 3.708768e+04 5.546304e-03 8.576645e+01
1.117505e+01 4.672548e+03 3.241512e+04 3.708767e+04 5.213568e-03 8.441437e+01
1.122505e+01 4.325048e+03 3.276265e+04 3.708770e+04 5.080831e-03 8.531940e+01
1.127505e+01 4.029368e+03 3.305834e+04 3.708770e+04 5.266866e-03 8.608942e+01
1.132505e+01 4.001882e+03 3.308586e+04 3.708774e+04 5.321079e-03 8.616109e+01
1.137505e+01 4.664272e+03 3.242342e+04 3.708769e+04 5.051051e-03 8.443599e+01
1.142505e+01 4.150160e+03 3.293753e+04 3.708769e+04 5.039369e-03 8.577481e+01
1.147505e+01 4.307463e+03 3.278026e+04 3.708772e+04 5.242732e-03 8.536525e+01
1.152505e+01 4.119668e+03 3.296803e+04 3.708770e+04 5.223379e-03 8.585426e+01
1.157505e+01 4.244178e+03 3.284351e+04 3.708769e+04 5.399959e-03 8.552997e+01
1.162505e+01 4.149167e+03 3.293856e+04 3.708772e+04 5.316078e-03 8.577749e+01
1.167505e+01 4.799684e+03 3.228809e+04 3.708777e+04 5.020321e-03 8.408357e+01
1.172505e+01 4.357462e+03 3.273032e+04 3.708778e+04 4.804330e-03 8.523521e+01
1.177505e+01 4.363017e+03 3.272483e+04 3.708784e+04 4.676816e-03 8.522090e+01
1.182505e+01 4.553702e+03 3.253414e+04 3.708784e+04 4.618250e-03 8.472432e+01
1.187505e+01 4.492300e+03 3.259553e+04 3.708783e+04 4.208695e-03 8.488419e+01
1.192505e+01 4.513481e+03 3.257432e+04 3.708780e+04 4.247007e-03 8.482895e+01
1.197505e+01 4.615543e+03 3.247225e+04 3.708780e+04 4.323973e-03 8.456316e+01
1.202505e+01 4.240013e+03 3.284779e+04 3.708781e+04 4.372111e-03 8.554113e+01
1.207505e+01 3.842523e+03 3.324526e+04 3.708778e+04 4.401549e-03 8.657619e+01
1.212505e+01 4.355104e+03 3.273262e+04 3.708772e+04 4.405303e-03 8.524119e+01
1.217505e+01 4.423472e+03 3.266423e+04 3.708771e+04 4.668425e-03 8.506311e+01
1.222505e+01 4.096423e+03 3.299127e+04 3.708769e+04 4.681660e-03 8.591476e+01
1.227505e+01 4.367081e+03 3.272062e+04 3.708771e+04 4.773619e-03 8.520996e+01
1.232505e+01 3.976473e+03 3.311123e+04 3.708770e+04 4.771010e-03 8.622715e+01
1.237505e+01 4.212019e+03 3.287566e+04 3.708767e+04 4.956884e-03 8.561369e+01
1.242505e+01 4.087298e+03 3.300034e+04 3.708764e+04 5.130884e-03 8.593838e+01
1.247505e+01 4.335085e+03 3.275251e+04 3.708759e+04 5.155930e-03 8.529299e+01
1.252505e+01 3.635222e+03 3.345241e+04 3.708764e+04 5.247193e-03 8.711566e+01
1.257505e+01 4.833228e+03 3.225439e+04 3.708762e+04 5.356730e-03 8.399581e+01
1.262505e+01 4.490008e+03 3.259760e+04 3.708761e+04 5.433536e-03 8.488958e+01
1.267505e+01 4.660274e+03 3.242728e+04 3.708756e+04 5.564041e-03 8.444605e+01
1.272505e+01 4.293670e+03 3.279389e+04 3.708756e+04 5.660353e-03 8.540077e+01
1.277505e+01 4.510530e+03 3.257704e+04 3.708757e+04 5.348318e-03 8.483605e+01
1.282505e+01 4.398358e+03 3.268925e+04 3.708761e+04 5.480510e-03 8.512825e+01
1.287505e+01 4.323183e+03 3.276446e+04 3.708765e+04 5.697502e-03 8.532412e+01
1.292505e+01 4.619253e+03 3.246845e+04 3.708770e+04 5.662397e-03 8.455326e+01
1.297505e+01 4.607720e+03 3.248003e+04 3.708775e+04 5.657386e-03 8.458342e+01
1.302505e+01 4.761970e+03 3.232580e+04 3.708777e+04 5.596775e-03 8.418177e+01
1.307505e+01 4.872040e+03 3.221574e+04 3.708778e+04 5.662686e-03 8.389516e+01
1.312505e+01 4.097533e+03 3.299027e+04 3.708780e+04 5.438495e-03 8.591216e+01
1.317505e+01 4.193378e+03 3.289441e+04 3.708779e+04 5.404821e-03 8.566254e+01
1.322505e+01 4.452722e+03 3.263512e+04 3.708784e+04 5.056284e-03 8.498729e+01
1.327505e+01 4.202328e+03 3.288552e+04 3.708785e+04 4.923877e-03 8.563938e+01
1.332505e+01 4.433570e+03 3.265431e+04 3.708788e+04 4.454067e-03 8.503726e+01
1.337505e+01 4.549400e+03 3.253847e+04 3.708787e+04 4.319457e-03 8.473560e+01
1.342505e+01 4.519888e+03 3.256795e+04 3.708784e+04 4.273286e-03 8.481238e+01
1.347505e+01 4.710581e+03 3.237723e+04 3.708781e+04 4.240876e-03 8.431570e+01
1.352505e+01 4.327878e+03 3.275994e+04 3.708782e+04 4.224449e-03 8.531235e+01
1.357505e+01 4.473715e+03 3.261415e+04 3.708786e+04 4.200943e-03 8.493267e+01
1.362505e+01 4.367595e+03 3.272024e+04 3.708784e+04 4.238468e-03 8.520897e+01
1.367505e+01 4.607805e+03 3.248006e+04 3.708786e+04 4.373337e-03 8.458348e+01
1.372505e+01 4.346772e+03 3.274109e+04 3.708786e+04 4.548013e-03 8.526326e+01
1.377505e+01 4.285052e+03 3.280281e+04 3.708786e+04 4.514809e-03 8.542399e+01
1.382505e+01 4.537968e+03 3.254993e+04 3.708790e+04 4.440095e-03 8.476544e+01
1.387505e+01 4.396980e+03 3.269095e+04 3.708793e+04 4.563089e-03 8.513268e+01
1.392505e+01 4.034657e+03 3.305327e+04 3.708793e+04 4.384969e-03 8.607623e+01
1.397505e+01 4.565255e+03 3.252270e+04 3.708795e+04 4.286646e-03 8.469452e+01
1.402505e+01 4.209026e+03 3.287898e+04 3.708801e+04 4.312889e-03 8.562235e+01
1.407505e+01 4.320383e+03 3.276761e+04 3.708799e+04 4.431617e-03 8.533232e+01
1.412505e+01 4.358932e+03 3.272904e+04 3.708797e+04 4.513269e-03 8.523188e+01
1.417505e+01 4.561899e+03 3.252609e+04 3.708799e+04 4.491280e-03 8.470335e+01
1.422505e+01 4.394552e+03 3.269347e+04 3.708802e+04 4.475280e-03 8.513925e+01
1.427505e+01 4.757405e+03 3.233066e+04 3.708807e+04 4.425795e-03 8.419443e+01
1.432505e+01 4.518820e+03 3.256931e+04 3.708813e+04 4.279795e-03 8.481591e+01
1.437505e+01 4.279497e+03 3.280865e+04 3.708815e+04 4.403687e-03 8.543919e+01
1.442505e+01 3.963600e+03 3.312453e+04 3.708813e+04 4.484452e-03 8.626180e+01
1.447505e+01 4.470964e+03 3.261719e+04 3.708815e+04 4.315750e-03 8.494059e+01
1.452505e+01 4.740459e+03 3.234767e+04 3.708813e+04 4.156852e-03 8.423873e+01
1.457505e+01 4.569748e+03 3.251837e+04 3.708812e+04 4.268004e-03 8.468326e+01
1.462505e+01 4.553846e+03 3.253422e+04 3.708806e+04 4.361470e-03 8.472452e+01
1.467505e+01 4.519612e+03 3.256842e+04 3.708803e+04 4.538682e-03 8.481360e+01
1.472505e+01 3.888080e+03 3.319997e+04 3.708805e+04 4.621658e-03 8.645825e+01
1.477505e+01 3.831300e+03 3.325675e+04 3.708805e+04 4.570021e-03 8.660611e+01
1.482505e+01 4.223080e+03 3.286495e+04 3.708803e+04 4.683452e-03 8.558581e+01
1.487505e+01 4.443327e+03 3.264475e+04 3.708808e+04 4.384096e-03 8.501236e+01
1.492505e+01 4.104546e+03 3.298359e+04 3.708814e+04 4.320366e-03 8.589477e+01
1.497505e+01 4.348628e+03 3.273950e+04 3.708813e+04 4.312145e-03 8.525913e+01
1.502505e+01 4.449954e+03 3.263816e+04 3.708812e+04 4.369820e-03 8.499522e+01
1.507505e+01 4.189001e+03 3.289914e+04 3.708814e+04 4.334993e-03 8.567484e+01
1.512505e+01 4.442271e+03 3.264584e+04 3.708811e+04 4.278159e-03 8.501521e+01
1.517505e+01 4.389488e+03 3.269860e+04 3.708808e+04 4.255700e-03 8.515259e+01
1.522505e+01 4.324350e+03 3.276375e+04 3.708810e+04 4.412793e-03 8.532226e+01
1.527505e+01 4.548219e+03 3.253989e+04 3.708811e+04 4.360244e-03 8.473930e+01
1.532505e+01 4.276587e+03 3.281147e+04 3.708805e+04 4.539403e-03 8.544653e+01
1.537505e+01 4.521611e+03 3.256645e+04 3.708806e+04 4.510384e-03 8.480846e+01
1.542505e+01 4.335952e+03 3.275212e+04 3.708807e+04 4.537601e-03 8.529197e+01
1.547505e+01 4.756117e+03 3.233197e+04 3.708808e+04 4.393564e-03 8.419783e+01
1.552505e+01 4.241810e+03 3.284632e+04 3.708813e+04 4.413609e-03 8.553730e+01
1.557505e+01 4.464244e+03 3.262391e+04 3.708815e+04 4.602601e-03 8.495809e+01
1.562505e+01 4.356874e+03 3.273127e+04 3.708814e+04 4.558925e-03 8.523767e+01
1.567505e+01 4.506238e+03 3.258190e+04 3.708814e+04 4.636862e-03 8.484870e+01
1.572505e+01 4.536896e+03 3.255122e+04 3.708812e+04 4.472977e-03 8.476881e+01
1.577505e+01 4.746502e+03 3.234157e+04 3.708807e+04 4.518775e-03 8.422285e+01
1.582505e+01 4.197037e+03 3.289099e+04 3.708802e+04 4.537551e-03 8.565361e+01
1.587505e+01 4.417025e+03 3.267101e+04 3.708804e+04 4.568137e-03 8.508077e+01
1.592505e+01 4.655060e+03 3.243301e+04 3.708807e+04 4.691907e-03 8.446097e+01
1.597505e+01 4.582246e+03 3.250583e+04 3.708807e+04 4.776743e-03 8.465059e+01
1.602505e+01 4.540050e+03 3.254799e+04 3.708804e+04 4.922209e-03 8.476040e+01
1.607505e+01 4.240381e+03 3.284772e+04 3.708810e+04 4.629782e-03 8.554093e+01
1.612505e+01 4.727444e+03 3.236066e+04 3.708811e+04 4.613623e-03 8.427255e+01
1.617505e+01 4.176341e+03 3.291177e+04 3.708811e+04 4.446761e-03 8.570773e+01
1.622505e+01 4.274064e+03 3.281409e+04 3.708815e+04 4.232105e-03 8.545335e+01
1.627505e+01 4.342971e+03 3.274524e+04 3.708821e+04 4.304460e-03 8.527407e+01
1.632505e+01 4.738970e+03 3.234931e+04 3.708828e+04 4.218841e-03 8.424300e+01
1.637505e+01 4.608185e+03 3.248009e+04 3.708827e+04 4.409922e-03 8.458356e+01
1.642505e+01 4.616713e+03 3.247157e+04 3.708828e+04 4.468242e-03 8.456138e+01
1.647505e+01 4.313252e+03 3.277500e+04 3.708826e+04 4.356334e-03 8.535157e+01
1.652505e+01 4.739772e+03 3.234847e+04 3.708824e+04 4.533760e-03 8.424081e+01
1.657505e+01 3.982530e+03 3.310570e+04 3.708823e+04 4.354905e-03 8.621276e+01
1.662505e+01 4.627567e+03 3.246062e+04 3.708818e+04 4.279968e-03 8.453286e+01
1.667505e+01 4.226207e+03 3.286194e+04 3.708815e+04 4.178550e-03 8.557797e+01
1.672505e+01 4.767871e+03 3.232026e+04 3.708813e+04 4.257003e-03 8.416734e+01
1.677505e+01 4.647250e+03 3.244089e+04 3.708814e+04 4.436174e-03 8.448149e+01
1.682505e+01 4.413869e+03 3.267427e+04 3.708814e+04 4.408152e-03 8.508925e+01
1.687505e+01 4.819205e+03 3.226895e+04 3.708816e+04 4.452238e-03 8.403374e+01
1.692505e+01 4.445859e+03 3.264238e+04 3.708824e+04 4.180083e-03 8.500619e+01
1.697505e+01 4.298087e+03 3.279021e+04 3.708830e+04 4.037181e-03 8.539117e+01
1.702505e+01 4.083110e+03 3.300520e+04 3.708831e+04 3.743878e-03 8.595105e+01
1.707505e+01 4.606730e+03 3.248156e+04 3.708829e+04 3.650663e-03 8.458740e+01
1.712505e+01 4.040537e+03 3.304772e+04 3.708826e+04 3.632514e-03 8.606177e+01
1.717505e+01 4.475453e+03 3.261279e+04 3.708825e+04 4.142754e-03 8.492915e+01
1.722505e+01 4.236570e+03 3.285171e+04 3.708828e+04 4.435380e-03 8.555133e+01
1.727505e+01 4.623937e+03 3.246437e+04 3.708831e+04 4.500017e-03 8.454263e+01
1.732505e+01 4.512058e+03 3.257634e+04 3.708840e+04 4.533990e-03 8.483422e+01
1.737505e+01 4.336054e+03 3.275236e+04 3.708841e+04 4.644256e-03 8.529260e+01
1.742505e+01 4.782702e+03 3.230568e+04 3.708838e+04 4.697099e-03 8.412937e+01
1.747505e+01 4.266752e+03 3.282167e+04 3.708842e+04 4.582209e-03 8.547310e+01
1.752505e+01 4.314253e+03 3.277419e+04 3.708845e+04 4.702944e-03 8.534946e+01
1.757505e+01 4.603588e+03 3.248490e+04 3.708848e+04 4.622166e-03 8.459608e+01
1.762505e+01 4.378929e+03 3.270954e+04 3.708847e+04 4.544894e-03 8.518111e+01
1.767505e+01 4.654775e+03 3.243372e+04 3.708849e+04 4.526983e-03 8.446281e+01
1.772505e+01 4.630232e+03 3.245824e+04 3.708847e+04 4.568454e-03 8.452667e+01
1.777505e+01 4.536698e+03 3.255174e+04 3.708844e+04 4.931309e-03 8.477016e+01
1.782505e+01 4.394436e+03 3.269403e+04 3.708847e+04 4.810149e-03 8.514071e+01
1.787505e+01 4.229875e+03 3.285860e+04 3.708848e+04 4.769115e-03 8.556928e+01
1.792505e+01 4.085408e+03 3.300310e+04 3.708851e+04 4.935362e-03 8.594558e+01
1.797505e+01 4.426128e+03 3.266237e+04 3.708849e+04 4.859853e-03 8.505824e+01
1.802505e+01 4.422992e+03 3.266548e+04 3.708847e+04 4.711653e-03 8.506635e+01
1.807505e+01 4.330841e+03 3.275763e+04 3.708847e+04 4.557371e-03 8.530634e+01
1.812505e+01 4.488501e+03 3.260002e+04 3.708853e+04 4.799194e-03 8.489590e+01
1.817505e+01 4.273547e+03 3.281496e+04 3.708850e+04 4.898053e-03 8.545562e+01
1.822505e+01 4.103186e+03 3.298529e+04 3.708848e+04 4.632647e-03 8.589919e+01
1.827505e+01 4.780501e+03 3.230799e+04 3.708849e+04 4.318631e-03 8.413539e+01
1.832505e+01 4.655278e+03 3.243321e+04 3.708849e+04 4.195860e-03 8.446149e+01
1.837505e+01 4.150758e+03 3.293772e+04 3.708848e+04 4.192378e-03 8.577530e+01
1.842505e+01 4.782272e+03 3.230615e+04 3.708842e+04 4.062318e-03 8.413059e+01
1.847505e+01 4.816818e+03 3.227154e+04 3.708836e+04 4.120310e-03 8.404046e+01
1.852505e+01 3.888031e+03 3.320035e+04 3.708838e+04 4.160409e-03 8.645925e+01
1.857505e+01 4.017429e+03 3.307098e+04 3.708841e+04 3.924587e-03 8.612234e+01
1.862505e+01 4.340588e+03 3.274786e+04 3.708845e+04 3.855680e-03 8.528089e+01
1.867505e+01 4.232080e+03 3.285635e+04 3.708843e+04 3.597627e-03 8.556340e+01
1.872505e+01 4.753077e+03 3.233531e+04 3.708839e+04 3.574667e-03 8.420654e+01
1.877505e+01 4.517912e+03 3.257049e+04 3.708841e+04 3.632510e-03 8.481900e+01
1.882505e+01 4.226226e+03 3.286216e+04 3.708839e+04 3.528678e-03 8.557855e+01
1.887505e+01 4.266283e+03 3.282210e+04 3.708838e+04 3.626847e-03 8.547422e+01
1.892505e+01 4.372967e+03 3.271544e+04 3.708841e+04 3.846877e-03 8.519647e+01
1.897505e+01 4.183241e+03 3.290515e+04 3.708839e+04 3.987564e-03 8.569050e+01
1.902505e+01 4.373271e+03 3.271514e+04 3.708841e+04 3.885980e-03 8.519569e+01
1.907505e+01 4.503957e+03 3.258449e+04 3.708845e+04 3.915332e-03 8.485545e+01
1.912505e+01 4.624459e+03 3.246401e+04 3.708847e+04 4.019734e-03 8.454170e+01
1.917505e+01 4.163754e+03 3.292472e+04 3.708847e+04 4.000459e-03 8.574146e+01
1.922505e+01 4.172415e+03 3.291605e+04 3.708847e+04 4.283946e-03 8.571888e+01
1.927505e+01 3.950915e+03 3.313751e+04 3.708843e+04 4.498400e-03 8.629561e+01
1.932505e+01 4.131686e+03 3.295672e+04 3.708841e+04 4.241089e-03 8.582480e+01
1.937505e+01 4.737239e+03 3.235111e+04 3.708835e+04 4.438131e-03 8.424768e+01
1.942505e+01 4.546522e+03 3.254181e+04 3.708833e+04 4.471871e-03 8.474429e+01
1.947505e+01 4.265824e+03 3.282254e+04 3.708836e+04 4.452221e-03 8.547536e+01
1.952505e+01 4.405750e+03 3.268264e+04 3.708839e+04 4.483921e-03 8.511103e+01
1.957505e+01 4.446946e+03 3.264150e+04 3.708844e+04 4.435501e-03 8.500390e+01
1.962505e+01 4.504109e+03 3.258429e+04 3.708840e+04 4.533794e-03 8.485493e+01
1.967505e+01 4.675919e+03 3.241254e+04 3.708846e+04 4.731052e-03 8.440765e+01
1.972505e+01 4.446378e+03 3.264213e+04 3.708850e+04 4.782858e-03 8.500554e+01
1.977505e+01 4.500976e+03 3.258752e+04 3.708850e+04 4.577468e-03 8.486333e+01
1.982505e+01 4.051674e+03 3.303686e+04 3.708854e+04 4.520702e-03 8.603350e+01
1.987505e+01 3.878585e+03 3.320996e+04 3.708855e+04 4.347437e-03 8.648428e+01
1.992505e+01 4.293833e+03 3.279467e+04 3.708850e+04 4.197475e-03 8.540279e+01
1.997505e+01 4.537173e+03 3.255133e+04 3.708850e+04 4.131512e-03 8.476908e+01
2.002505e+01 4.407467e+03 3.268107e+04 3.708853e+04 3.953563e-03 8.510694e+01
2.007505e+01 4.275397e+03 3.281312e+04 3.708851e+04 3.737731e-03 8.545083e+01
2.012505e+01 5.006729e+03 3.208176e+04 3.708849e+04 3.688743e-03 8.354624e+01
2.017505e+01 4.419591e+03 3.266887e+04 3.708846e+04 3.563440e-03 8.507517e+01
2.022505e+01 4.504826e+03 3.258360e+04 3.708842e+04 3.550783e-03 8.485312e+01
2.027505e+01 4.061350e+03 3.302708e+04 3.708843e+04 3.488135e-03 8.600803e+01
2.032505e+01 4.489216e+03 3.259923e+04 3.708844e+04 3.534286e-03 8.489382e+01
2.037505e+01 4.758959e+03 3.232946e+04 3.708842e+04 3.615270e-03 8.419130e+01
2.042505e+01 4.364273e+03 3.272414e+04 3.708842e+04 3.746133e-03 8.521913e+01
2.047505e+01 4.220886e+03 3.286753e+04 3.708841e+04 3.822091e-03 8.559252e+01
2.052505e+01 4.231964e+03 3.285644e+04 3.708840e+04 3.648907e-03 8.556365e+01
2.057505e+01 4.076817e+03 3.301160e+04 3.708842e+04 3.623546e-03 8.596771e+01
2.062505e+01 4.168488e+03 3.291992e+04 3.708841e+04 3.659577e-03 8.572896e+01
2.067505e+01 4.236011e+03 3.285236e+04 3.708837e+04 3.683109e-03 8.555301e+01
2.072505e+01 4.333982e+03 3.275437e+04 3.708835e+04 3.583907e-03 8.529784e+01
2.077505e+01 4.554595e+03 3.253373e+04 3.708833e+04 3.500212e-03 8.472326e+01
2.082505e+01 4.710106e+03 3.237822e+04 3.708833e+04 3.476142e-03 8.431828e+01
2.087505e+01 4.197410e+03 3.289096e+04 3.708837e+04 3.459244e-03 8.565354e+01
2.092505e+01 3.979688e+03 3.310869e+04 3.708838e+04 3.200787e-03 8.622054e+01
2.097505e+01 4.503129e+03 3.258516e+04 3.708829e+04 3.414023e-03 8.485720e+01
2.102505e+01 4.134830e+03 3.295344e+04 3.708827e+04 3.358238e-03 8.581624e+01
2.107505e+01 4.543328e+03 3.254488e+04 3.708821e+04 3.437339e-03 8.475229e+01
2.112505e+01 4.603374e+03 3.248484e+04 3.708822e+04 3.579058e-03 8.459594e+01
2.117505e+01 4.502802e+03 3.258543e+04 3.708823e+04 3.643619e-03 8.485789e+01
2.122505e+01 4.218720e+03 3.286948e+04 3.708820e+04 3.627230e-03 8.559760e+01
2.127505e+01 4.408024e+03 3.268014e+04 3.708816e+04 3.580178e-03 8.510452e+01
2.132505e+01 4.515869e+03 3.257225e+04 3.708812e+04 3.371318e-03 8.482357e+01
2.137505e+01 4.653505e+03 3.243462e+04 3.708812e+04 3.242772e-03 8.446515e+01
2.142505e+01 4.428462e+03 3.265968e+04 3.708814e+04 3.311804e-03 8.505125e+01
2.147505e+01 4.540137e+03 3.254799e+04 3.708813e+04 3.453793e-03 8.476040e+01
2.152505e+01 4.271636e+03 3.281649e+04 3.708813e+04 3.534122e-03 8.545961e+01
2.157505e+01 4.287376e+03 3.280075e+04 3.708813e+04 3.455704e-03 8.541862e+01
2.162505e+01 4.521289e+03 3.256686e+04 3.708815e+04 3.171195e-03 8.480952e+01
2.167505e+01 4.356940e+03 3.273125e+04 3.708819e+04 3.100470e-03 8.523763e+01
2.172505e+01 4.273640e+03 3.281458e+04 3.708822e+04 3.012086e-03 8.545463e+01
2.177505e+01 4.657445e+03 3.243076e+04 3.708820e+04 2.654250e-03 8.445510e+01
2.182505e+01 4.628927e+03 3.245925e+04 3.708818e+04 2.571626e-03 8.452931e+01
2.187505e+01 4.611336e+03 3.247684e+04 3.708818e+04 2.509170e-03 8.457510e+01
2.192505e+01 4.544377e+03 3.254376e+04 3.708814e+04 2.669834e-03 8.474938e+01
2.197505e+01 4.493348e+03 3.259485e+04 3.708819e+04 2.936147e-03 8.488241e+01
2.202505e+01 4.974175e+03 3.211403e+04 3.708820e+04 3.072179e-03 8.363028e+01
2.207505e+01 4.570765e+03 3.251746e+04 3.708823e+04 2.958921e-03 8.468089e+01
2.212505e+01 4.604463e+03 3.248373e+04 3.708820e+04 2.886088e-03 8.459306e+01
2.217505e+01 4.803146e+03 3.228507e+04 3.708822e+04 3.057737e-03 8.407570e+01
2.222505e+01 4.745855e+03 3.234238e+04 3.708824e+04 3.083500e-03 8.422495e+01
2.227505e+01 4.469545e+03 3.261868e+04 3.708823e+04 3.169614e-03 8.494449e+01
2.232505e+01 4.068512e+03 3.301974e+04 3.708825e+04 2.966995e-03 8.598890e+01
2.237505e+01 4.380873e+03 3.270736e+04 3.708823e+04 2.799888e-03 8.517542e+01
2.242505e+01 4.856807e+03 3.223143e+04 3.708824e+04 2.660815e-03 8.393603e+01
2.247505e+01 4.763353e+03 3.232481e+04 3.708816e+04 2.710560e-03 8.417919e+01
2.252505e+01 4.323805e+03 3.276435e+04 3.708815e+04 2.840614e-03 8.532382e+01
2.257505e+01 4.458027e+03 3.263006e+04 3.708809e+04 2.826743e-03 8.497413e+01
2.262505e+01 4.445646e+03 3.264243e+04 3.708807e+04 3.207777e-03 8.500632e+01
2.267505e+01 4.450530e+03 3.263757e+04 3.708810e+04 3.347582e-03 8.499368e+01
2.272505e+01 3.918224e+03 3.316991e+04 3.708813e+04 3.516641e-03 8.637998e+01
2.277505e+01 4.445081e+03 3.264305e+04 3.708813e+04 3.603674e-03 8.500794e+01
2.282505e+01 4.182449e+03 3.290568e+04 3.708813e+04 3.883847e-03 8.569186e+01
2.287505e+01 4.317435e+03 3.277071e+04 3.708815e+04 3.835399e-03 8.534039e+01
2.292505e+01 4.779516e+03 3.230865e+04 3.708816e+04 3.807623e-03 8.413710e+01
2.297505e+01 4.309897e+03 3.277832e+04 3.708822e+04 3.657030e-03 8.536021e+01
2.302505e+01 5.093208e+03 3.199501e+04 3.708822e+04 3.796634e-03 8.332034e+01
2.307505e+01 4.201452e+03 3.288682e+04 3.708827e+04 3.913503e-03 8.564277e+01
2.312505e+01 4.592787e+03 3.249542e+04 3.708820e+04 4.003078e-03 8.462348e+01
2.317505e+01 4.707008e+03 3.238121e+04 3.708822e+04 3.779693e-03 8.432607e+01
2.322505e+01 4.422125e+03 3.266611e+04 3.708824e+04 3.664412e-03 8.506801e+01
2.327505e+01 4.382525e+03 3.270571e+04 3.708823e+04 3.830686e-03 8.517112e+01
2.332505e+01 4.144989e+03 3.294325e+04 3.708824e+04 4.066817e-03 8.578971e+01
2.337505e+01 4.446045e+03 3.264219e+04 3.708823e+04 4.254681e-03 8.500570e+01
2.342505e+01 4.563666e+03 3.252451e+04 3.708818e+04 3.960312e-03 8.469925e+01
2.347505e+01 4.308546e+03 3.277964e+04 3.708819e+04 3.822990e-03 8.536366e+01
2.352505e+01 4.448409e+03 3.263978e+04 3.708819e+04 3.840561e-03 8.499942e+01
2.357505e+01 4.337148e+03 3.275104e+04 3.708819e+04 3.902890e-03 8.528916e+01
2.362505e+01 4.396908e+03 3.269127e+04 3.708818e+04 4.092692e-03 8.513352e+01
2.367505e+01 4.755984e+03 3.233222e+04 3.708820e+04 4.150303e-03 8.419848e+01
2.372505e+01 4.406547e+03 3.268163e+04 3.708818e+04 4.117342e-03 8.510842e+01
2.377505e+01 4.479736e+03 3.260847e+04 3.708820e+04 4.168041e-03 8.491788e+01
2.382505e+01 3.637298e+03 3.345090e+04 3.708820e+04 4.134592e-03 8.711172e+01
2.387505e+01 4.163152e+03 3.292501e+04 3.708816e+04 4.011807e-03 8.574221e+01
2.392505e+01 4.934471e+03 3.215370e+04 3.708817e+04 4.023029e-03 8.373359e+01
2.397505e+01 4.627749e+03 3.246042e+04 3.708817e+04 4.089023e-03 8.453235e+01
2.402505e+01 4.549402e+03 3.253878e+04 3.708818e+04 3.985233e-03 8.473640e+01
2.407505e+01 4.614246e+03 3.247394e+04 3.708818e+04 3.833137e-03 8.456755e+01
2.412505e+01 4.390072e+03 3.269809e+04 3.708817e+04 3.873338e-03 8.515129e+01
2.417505e+01 4.592705e+03 3.249548e+04 3.708819e+04 3.899929e-03 8.462365e+01
2.422505e+01 4.321212e+03 3.276702e+04 3.708823e+04 4.161281e-03 8.533078e+01
2.427505e+01 4.318414e+03 3.276987e+04 3.708828e+04 4.162433e-03 8.533820e+01
2.432505e+01 4.280044e+03 3.280825e+04 3.708829e+04 4.236842e-03 8.543814e+01
2.437505e+01 4.429586e+03 3.265872e+04 3.708831e+04 4.272347e-03 8.504875e+01
2.442505e+01 4.117903e+03 3.297040e+04 3.708830e+04 4.286236e-03 8.586041e+01
2.447505e+01 3.942440e+03 3.314583e+04 3.708827e+04 4.244141e-03 8.631727e+01
2.452505e+01 4.813827e+03 3.227440e+04 3.708823e+04 4.136987e-03 8.404791e+01
2.457505e+01 4.614094e+03 3.247416e+04 3.708826e+04 4.217742e-03 8.456813e+01
2.462505e+01 4.229979e+03 3.285828e+04 3.708825e+04 4.200389e-03 8.556843e+01
2.467505e+01 4.671873e+03 3.241640e+04 3.708827e+04 4.006617e-03 8.441771e+01
2.472505e+01 4.671826e+03 3.241651e+04 3.708834e+04 4.089937e-03 8.441800e+01
2.477505e+01 4.808431e+03 3.227989e+04 3.708832e+04 3.930813e-03 8.406222e+01
2.482505e+01 4.246656e+03 3.284168e+04 3.708833e+04 4.130098e-03 8.552520e+01
2.487505e+01 4.483175e+03 3.260521e+04 3.708838e+04 4.409486e-03 8.490939e+01
2.492505e+01 4.185009e+03 3.290344e+04 3.708845e+04 4.651058e-03 8.568604e+01
2.497505e+01 4.861515e+03 3.222698e+04 3.708849e+04 4.659482e-03 8.392442e+01
2.502505e+01 4.114904e+03 3.297360e+04 3.708850e+04 4.599478e-03 8.586874e+01
2.507505e+01 4.634453e+03 3.245412e+04 3.708858e+04 4.719066e-03 8.451595e+01
2.512505e+01 4.508792e+03 3.257982e+04 3.708862e+04 4.764890e-03 8.484329e+01
2.517505e+01 4.039069e+03 3.304957e+04 3.708864e+04 4.786282e-03 8.606659e+01
2.522505e+01 4.495926e+03 3.259266e+04 3.708859e+04 4.748069e-03 8.487673e+01
2.527505e+01 4.309339e+03 3.277927e+04 3.708861e+04 4.929188e-03 8.536269e+01
2.532505e+01 4.406620e+03 3.268203e+04 3.708865e+04 4.951387e-03 8.510946e+01
2.537505e+01 4.466464e+03 3.262225e+04 3.708872e+04 4.838758e-03 8.495378e+01
2.542505e+01 4.523363e+03 3.256535e+04 3.708871e+04 4.773101e-03 8.480560e+01
2.547505e+01 4.943634e+03 3.214511e+04 3.708874e+04 4.803255e-03 8.371122e+01
2.552505e+01 5.031527e+03 3.205723e+04 3.708876e+04 4.903661e-03 8.348237e+01
2.557505e+01 4.299984e+03 3.278876e+04 3.708874e+04 4.717656e-03 8.538738e+01
2.562505e+01 4.373562e+03 3.271513e+04 3.708869e+04 4.709569e-03 8.519565e+01
2.567505e+01 4.386706e+03 3.270201e+04 3.708871e+04 4.635112e-03 8.516148e+01
2.572505e+01 4.345731e+03 3.274303e+04 3.708876e+04 4.546093e-03 8.526831e+01
2.577505e+01 4.930745e+03 3.215801e+04 3.708876e+04 4.663740e-03 8.374482e+01
2.582505e+01 4.689529e+03 3.239926e+04 3.708879e+04 4.824066e-03 8.437308e+01
2.587505e+01 4.457989e+03 3.263086e+04 3.708885e+04 4.795484e-03 8.497620e+01
2.592505e+01 4.471415e+03 3.261741e+04 3.708883e+04 4.556294e-03 8.494117e+01
2.597505e+01 4.965363e+03 3.212341e+04 3.708878e+04 4.406483e-03 8.365472e+01
2.602505e+01 4.425030e+03 3.266375e+04 3.708878e+04 4.170296e-03 8.506186e+01
2.607505e+01 4.426547e+03 3.266225e+04 3.708879e+04 4.131268e-03 8.505793e+01
2.612505e+01 4.202216e+03 3.288661e+04 3.708883e+04 4.059810e-03 8.564222e+01
2.617505e+01 5.010303e+03 3.207845e+04 3.708875e+04 4.138506e-03 8.353763e+01
2.622505e+01 4.724451e+03 3.236432e+04 3.708877e+04 4.367866e-03 8.428208e+01
2.627505e+01 4.363782e+03 3.272501e+04 3.708879e+04 4.383191e-03 8.522138e+01
2.632505e+01 4.766385e+03 3.232242e+04 3.708881e+04 4.239784e-03 8.417298e+01
2.637505e+01 3.941356e+03 3.314744e+04 3.708880e+04 4.230865e-03 8.632147e+01
2.642505e+01 4.851923e+03 3.223679e+04 3.708872e+04 4.306599e-03 8.394998e+01
2.647505e+01 4.625786e+03 3.246296e+04 3.708874e+04 4.073041e-03 8.453896e+01
2.652505e+01 4.232458e+03 3.285628e+04 3.708874e+04 3.986764e-03 8.556324e+01
2.657505e+01 3.996185e+03 3.309254e+04 3.708873e+04 4.020284e-03 8.617850e+01
2.662505e+01 4.266378e+03 3.282234e+04 3.708872e+04 4.192879e-03 8.547484e+01
2.667505e+01 4.326916e+03 3.276181e+04 3.708872e+04 4.390421e-03 8.531720e+01
2.672505e+01 4.432659e+03 3.265611e+04 3.708877e+04 4.325326e-03 8.504195e+01
2.677505e+01 4.195106e+03 3.289365e+04 3.708875e+04 4.335783e-03 8.566053e+01
2.682505e+01 4.581952e+03 3.250678e+04 3.708873e+04 4.175389e-03 8.465308e+01
2.687505e+01 4.459952e+03 3.262877e+04 3.708872e+04 4.149311e-03 8.497075e+01
2.692505e+01 4.378584e+03 3.271014e+04 3.708873e+04 4.118885e-03 8.518266e+01
2.697505e+01 4.341932e+03 3.274680e+04 3.708874e+04 4.021728e-03 8.527814e+01
2.702505e+01 4.525546e+03 3.256313e+04 3.708868e+04 4.039242e-03 8.479982e+01
2.707505e+01 4.697590e+03 3.239110e+04 3.708869e+04 3.924942e-03 8.435183e+01
2.712505e+01 4.078266e+03 3.301048e+04 3.708875e+04 3.916110e-03 8.596479e+01
2.717505e+01 4.780193e+03 3.230851e+04 3.708870e+04 4.090749e-03 8.413675e+01
2.722505e+01 4.149232e+03 3.293947e+04 3.708870e+04 4.176386e-03 8.577987e+01
2.727505e+01 4.800005e+03 3.228871e+04 3.708871e+04 4.088094e-03 8.408517e+01
2.732505e+01 4.640078e+03 3.244865e+04 3.708873e+04 4.011743e-03 8.450170e+01
2.737505e+01 4.439286e+03 3.264945e+04 3.708874e+04 3.982785e-03 8.502461e+01
2.742505e+01 4.405084e+03 3.268369e+04 3.708877e+04 3.898302e-03 8.511376e+01
2.747505e+01 4.297779e+03 3.279098e+04 3.708876e+04 3.875113e-03 8.539317e+01
2.752505e+01 4.277738e+03 3.281099e+04 3.708873e+04 3.891189e-03 8.544529e+01
2.757505e+01 4.616956e+03 3.247177e+04 3.708873e+04 4.000359e-03 8.456191e+01
2.762505e+01 4.229544e+03 3.285921e+04 3.708876e+04 3.746721e-03 8.557086e+01
2.767505e+01 4.133464e+03 3.295534e+04 3.708881e+04 3.686736e-03 8.582121e+01
2.772505e+01 4.434836e+03 3.265398e+04 3.708882e+04 3.612746e-03 8.503641e+01
2.777505e+01 4.504060e+03 3.258476e+04 3.708882e+04 3.508716e-03 8.485616e+01
2.782505e+01 5.130997e+03 3.195778e+04 3.708878e+04 3.632149e-03 8.322338e+01
2.787505e+01 4.703323e+03 3.238543e+04 3.708875e+04 3.997884e-03 8.433705e+01
2.792505e+01 4.730653e+03 3.235815e+04 3.708881e+04 3.881528e-03 8.426602e+01
2.797505e+01 4.487401e+03 3.260140e+04 3.708880e+04 3.961032e-03 8.489947e+01
2.802505e+01 4.539826e+03 3.254897e+04 3.708879e+04 3.935262e-03 8.476294e+01
2.807505e+01 4.569449e+03 3.251936e+04 3.708881e+04 3.870635e-03 8.468583e+01
2.812505e+01 4.484747e+03 3.260410e+04 3.708884e+04 3.799753e-03 8.490650e+01
2.817505e+01 4.313005e+03 3.277587e+04 3.708888e+04 3.873050e-03 8.535384e+01
2.822505e+01 4.169045e+03 3.291993e+04 3.708897e+04 3.830589e-03 8.572898e+01
2.827505e+01 4.459423e+03 3.262952e+04 3.708894e+04 3.660390e-03 8.497270e+01
2.832505e+01 4.749045e+03 3.233987e+04 3.708891e+04 3.496672e-03 8.421841e+01
2.837505e+01 3.990495e+03 3.309847e+04 3.708896e+04 3.376151e-03 8.619392e+01
2.842505e+01 4.319567e+03 3.276940e+04 3.708896e+04 3.470702e-03 8.533697e+01
2.847505e+01 4.179522e+03 3.290941e+04 3.708894e+04 3.494658e-03 8.570160e+01
2.852505e+01 4.790996e+03 3.229790e+04 3.708889e+04 3.602638e-03 8.410911e+01
2.857505e+01 4.145672e+03 3.294328e+04 3.708895e+04 3.630865e-03 8.578979e+01
2.862505e+01 4.496608e+03 3.259236e+04 3.708897e+04 3.626531e-03 8.487594e+01
2.867505e+01 4.257215e+03 3.283172e+04 3.708894e+04 3.703825e-03 8.549928e+01
2.872505e+01 4.949136e+03 3.213975e+04 3.708889e+04 3.764594e-03 8.369726e+01
2.877505e+01 4.536265e+03 3.255261e+04 3.708888e+04 3.651925e-03 8.477243e+01
2.882505e+01 4.631669e+03 3.245715e+04 3.708882e+04 3.644455e-03 8.452384e+01
2.887505e+01 3.703782e+03 3.338505e+04 3.708883e+04 3.482687e-03 8.694023e+01
2.892505e+01 4.297038e+03 3.279180e+04 3.708884e+04 3.355490e-03 8.539531e+01
2.897505e+01 4.593834e+03 3.249498e+04 3.708882e+04 3.251723e-03 8.462235e+01
2.902505e+01 4.376859e+03 3.271197e+04 3.708883e+04 3.261344e-03 8.518743e+01
2.907505e+01 4.519948e+03 3.256886e+04 3.708881e+04 3.360181e-03 8.481475e+01
2.912505e+01 4.437880e+03 3.265090e+04 3.708878e+04 3.359379e-03 8.502837e+01
2.917505e+01 4.452231e+03 3.263648e+04 3.708871e+04 3.259763e-03 8.499084e+01
2.922505e+01 4.220975e+03 3.286773e+04 3.708870e+04 3.233078e-03 8.559304e+01
2.927505e+01 4.398753e+03 3.268992e+04 3.708867e+04 3.395410e-03 8.513000e+01
2.932505e+01 4.292028e+03 3.279659e+04 3.708862e+04 3.426906e-03 8.540779e+01
2.937505e+01 4.520924e+03 3.256769e+04 3.708861e+04 3.625917e-03 8.481169e+01
2.942505e+01 4.432570e+03 3.265605e+04 3.708862e+04 3.622506e-03 8.504179e+01
2.947505e+01 4.558173e+03 3.253046e+04 3.708863e+04 3.661507e-03 8.471474e+01
2.952505e+01 4.244010e+03 3.284467e+04 3.708868e+04 3.590307e-03 8.553299e+01
2.957505e+01 4.766704e+03 3.232200e+04 3.708871e+04 3.761018e-03 8.417188e+01
2.962505e+01 4.539020e+03 3.254976e+04 3.708878e+04 3.953448e-03 8.476501e+01
2.967505e+01 4.521030e+03 3.256777e+04 3.708880e+04 4.063673e-03 8.481190e+01
2.972505e+01 4.323144e+03 3.276570e+04 3.708885e+04 4.176669e-03 8.532736e+01
2.977505e+01 4.380142e+03 3.270877e+04 3.708892e+04 4.136704e-03 8.517910e+01
2.982505e+01 4.433338e+03 3.265551e+04 3.708885e+04 4.241855e-03 8.504040e+01
2.987505e+01 4.536114e+03 3.255277e+04 3.708889e+04 4.137134e-03 8.477285e+01
2.992505e+01 4.376162e+03 3.271278e+04 3.708895e+04 4.600524e-03 8.518954e+01
2.997505e+01 3.874946e+03 3.321402e+04 3.708896e+04 4.755419e-03 8.649484e+01
3.002505e+01 4.196884e+03 3.289208e+04 3.708897e+04 4.770173e-03 8.565646e+01
3.007505e+01 4.518640e+03 3.257029e+04 3.708893e+04 4.807874e-03 8.481845e+01
3.012505e+01 4.322050e+03 3.276689e+04 3.708894e+04 4.799143e-03 8.533043e+01
3.017505e+01 5.133541e+03 3.195539e+04 3.708893e+04 4.971431e-03 8.321715e+01
3.022505e+01 4.691732e+03 3.239721e+04 3.708894e+04 4.848784e-03 8.436773e+01
3.027505e+01 4.381332e+03 3.270759e+04 3.708892e+04 4.718475e-03 8.517602e+01
3.032505e+01 4.569486e+03 3.251945e+04 3.708894e+04 4.881649e-03 8.468608e+01
3.037505e+01 3.814059e+03 3.327493e+04 3.708899e+04 5.241355e-03 8.665347e+01
3.042505e+01 4.096337e+03 3.299264e+04 3.708898e+04 4.955528e-03 8.591833e+01
3.047505e+01 4.140041e+03 3.294897e+04 3.708901e+04 5.090423e-03 8.580462e+01
3.052505e+01 4.530840e+03 3.255818e+04 3.708902e+04 5.318492e-03 8.478692e+01
3.057505e+01 4.364010e+03 3.272500e+04 3.708901e+04 5.155964e-03 8.522136e+01
3.062505e+01 4.312977e+03 3.277603e+04 3.708901e+04 5.333968e-03 8.535425e+01
3.067505e+01 4.952384e+03 3.213665e+04 3.708904e+04 5.350751e-03 8.368920e+01
3.072505e+01 4.497000e+03 3.259204e+04 3.708904e+04 5.331188e-03 8.487509e+01
3.077505e+01 4.232446e+03 3.285669e+04 3.708914e+04 5.344919e-03 8.556430e+01
3.082505e+01 4.386619e+03 3.270254e+04 3.708916e+04 5.603903e-03 8.516286e+01
3.087505e+01 4.379651e+03 3.270954e+04 3.708919e+04 5.589432e-03 8.518109e+01
3.092505e+01 4.361984e+03 3.272720e+04 3.708918e+04 5.689944e-03 8.522708e+01
3.097505e+01 4.227298e+03 3.286194e+04 3.708923e+04 5.684623e-03 8.557796e+01
3.102505e+01 4.821352e+03 3.226786e+04 3.708921e+04 5.759454e-03 8.403088e+01
3.107505e+01 4.675671e+03 3.241358e+04 3.708925e+04 5.770331e-03 8.441036e+01
3.112505e+01 4.196792e+03 3.289253e+04 3.708932e+04 5.861227e-03 8.565762e+01
3.117505e+01 4.434135e+03 3.265520e+04 3.708933e+04 5.826073e-03 8.503958e+01
3.122505e+01 4.564777e+03 3.252460e+04 3.708938e+04 5.694516e-03 8.469949e+01
3.127505e+01 4.664006e+03 3.242536e+04 3.708937e+04 5.539876e-03 8.444105e+01
3.132505e+01 4.514409e+03 3.257497e+04 3.708938e+04 5.500326e-03 8.483066e+01
3.137505e+01 4.039972e+03 3.304940e+04 3.708938e+04 5.745208e-03 8.606616e+01
3.142505e+01 4.251943e+03 3.283745e+04 3.708940e+04 5.818402e-03 8.551420e+01
3.147505e+01 4.813211e+03 3.227621e+04 3.708942e+04 6.137613e-03 8.405263e+01
3.152505e+01 4.808396e+03 3.228095e+04 3.708935e+04 6.160715e-03 8.406499e+01
3.157505e+01 4.348674e+03 3.274067e+04 3.708934e+04 6.027889e-03 8.526216e+01
3.162505e+01 4.483965e+03 3.260533e+04 3.708930e+04 6.042765e-03 8.490972e+01
3.167505e+01 4.334713e+03 3.275458e+04 3.708929e+04 6.040719e-03 8.529837e+01
3.172505e+01 4.428100e+03 3.266120e+04 3.708930e+04 6.149484e-03 8.505521e+01
3.177505e+01 4.347843e+03 3.274147e+04 3.708932e+04 6.006126e-03 8.526425e+01
3.182505e+01 4.034492e+03 3.305485e+04 3.708935e+04 6.090340e-03 8.608035e+01
3.187505e+01 4.288281e+03 3.280108e+04 3.708936e+04 6.225630e-03 8.541948e+01
3.192505e+01 4.328086e+03 3.276129e+04 3.708938e+04 6.359412e-03 8.531587e+01
3.197505e+01 4.083384e+03 3.300602e+04 3.708940e+04 6.225608e-03 8.595318e+01
3.202505e+01 4.358613e+03 3.273079e+04 3.708940e+04 6.237563e-03 8.523643e+01
3.207505e+01 4.786583e+03 3.230282e+04 3.708941e+04 6.226653e-03 8.412194e+01
3.212505e+01 4.766185e+03 3.232319e+04 3.708937e+04 6.135442e-03 8.417496e+01
3.217505e+01 4.532129e+03 3.255726e+04 3.708939e+04 5.967746e-03 8.478453e+01
3.222505e+01 4.614693e+03 3.247470e+04 3.708939e+04 6.059750e-03 8.456953e+01
3.227505e+01 4.281997e+03 3.280746e+04 3.708946e+04 6.111117e-03 8.543610e+01
3.232505e+01 4.633495e+03 3.245596e+04 3.708946e+04 6.148681e-03 8.452073e+01
3.237505e+01 4.281576e+03 3.280785e+04 3.708942e+04 6.452988e-03 8.543710e+01
3.242505e+01 4.342353e+03 3.274702e+04 3.708938e+04 6.620793e-03 8.527871e+01
3.247505e+01 4.536964e+03 3.255236e+04 3.708932e+04 6.780949e-03 8.477177e+01
3.252505e+01 4.183631e+03 3.290572e+04 3.708935e+04 6.997836e-03 8.569198e+01
3.257505e+01 4.410016e+03 3.267932e+04 3.708934e+04 6.865632e-03 8.510241e+01
3.262505e+01 4.354512e+03 3.273478e+04 3.708929e+04 6.587840e-03 8.524682e+01
3.267505e+01 4.058254e+03 3.303101e+04 3.708927e+04 6.476532e-03 8.601826e+01
3.272505e+01 4.249703e+03 3.283957e+04 3.708927e+04 6.456119e-03 8.551971e+01
3.277505e+01 3.848421e+03 3.324083e+04 3.708925e+04 6.272713e-03 8.656465e+01
3.282505e+01 4.721993e+03 3.236723e+04 3.708923e+04 6.149597e-03 8.428967e+01
3.287505e+01 4.421496e+03 3.266770e+04 3.708919e+04 6.270851e-03 8.507212e+01
3.292505e+01 4.783001e+03 3.230621e+04 3.708921e+04 6.198930e-03 8.413075e+01
3.297505e+01 4.294177e+03 3.279496e+04 3.708914e+04 6.220349e-03 8.540355e+01
3.302505e+01 4.382628e+03 3.270650e+04 3.708912e+04 6.386122e-03 8.517317e+01
3.307505e+01 4.398378e+03 3.269076e+04 3.708914e+04 6.331670e-03 8.513218e+01
3.312505e+01 3.947319e+03 3.314182e+04 3.708914e+04 6.103003e-03 8.630682e+01
3.317505e+01 4.237231e+03 3.285193e+04 3.708916e+04 5.929067e-03 8.555190e+01
3.322505e+01 4.330863e+03 3.275828e+04 3.708914e+04 5.984595e-03 8.530802e+01
3.327505e+01 4.346076e+03 3.274311e+04 3.708918e+04 5.997688e-03 8.526851e+01
3.332505e+01 4.268958e+03 3.282021e+04 3.708917e+04 6.129221e-03 8.546930e+01
3.337505e+01 4.774693e+03 3.231442e+04 3.708911e+04 6.315284e-03 8.415214e+01
3.342505e+01 4.113070e+03 3.297601e+04 3.708908e+04 6.189767e-03 8.587503e+01
3.347505e+01 4.170810e+03 3.291829e+04 3.708910e+04 6.190793e-03 8.572472e+01
3.352505e+01 4.451209e+03 3.263790e+04 3.708911e+04 6.249282e-03 8.499454e+01
3.357505e+01 4.381278e+03 3.270787e+04 3.708915e+04 6.086046e-03 8.517675e+01
3.362505e+01 4.422363e+03 3.266681e+04 3.708917e+04 5.755085e-03 8.506982e+01
3.367505e+01 4.495684e+03 3.259345e+04 3.708913e+04 5.726455e-03 8.487876e+01
3.372505e+01 4.683746e+03 3.240537e+04 3.708911e+04 5.754130e-03 8.438898e+01
3.377505e+01 4.270208e+03 3.281894e+04 3.708915e+04 5.869097e-03 8.546599e+01
3.382505e+01 4.643391e+03 3.244577e+04 3.708917e+04 5.922060e-03 8.449420e+01
3.387505e+01 4.614171e+03 3.247503e+04 3.708920e+04 5.970722e-03 8.457040e+01
3.392505e+01 4.355925e+03 3.273327e+04 3.708920e+04 5.981641e-03 8.524290e+01
3.397505e+01 4.461745e+03 3.262743e+04 3.708918e+04 6.112434e-03 8.496728e+01
3.402505e+01 4.175870e+03 3.291330e+04 3.708917e+04 6.180760e-03 8.571172e+01
3.407505e+01 4.806576e+03 3.228262e+04 3.708920e+04 6.091506e-03 8.406932e+01
3.412505e+01 4.353470e+03 3.273576e+04 3.708923e+04 6.000837e-03 8.524937e+01
3.417505e+01 4.380673e+03 3.270852e+04 3.708919e+04 6.252391e-03 8.517844e+01
3.422505e+01 4.792309e+03 3.229687e+04 3.708918e+04 6.328221e-03 8.410643e+01
3.427505e+01 4.372249e+03 3.271695e+04 3.708920e+04 6.386076e-03 8.520040e+01
3.432505e+01 4.561085e+03 3.252807e+04 3.708916e+04 6.543851e-03 8.470852e+01
3.437505e+01 4.467136e+03 3.262206e+04 3.708919e+04 6.688464e-03 8.495327e+01
3.442505e+01 4.348399e+03 3.274081e+04 3.708921e+04 6.463581e-03 8.526252e+01
3.447505e+01 4.664963e+03 3.242423e+04 3.708920e+04 6.421752e-03 8.443811e+01
3.452505e+01 4.036600e+03 3.305257e+04 3.708917e+04 6.567712e-03 8.607440e+01
3.457505e+01 4.755909e+03 3.233327e+04 3.708918e+04 6.612017e-03 8.420123e+01
3.462505e+01 4.240711e+03 3.284853e+04 3.708924e+04 6.358195e-03 8.554305e+01
3.467505e+01 4.469873e+03 3.261937e+04 3.708924e+04 6.110291e-03 8.494627e+01
3.472505e+01 4.810602e+03 3.227868e+04 3.708928e+04 6.158977e-03 8.405907e+01
3.477505e+01 4.597913e+03 3.249135e+04 3.708926e+04 6.082400e-03 8.461289e+01
3.482505e+01 4.121123e+03 3.296815e+04 3.708927e+04 6.220883e-03 8.585456e+01
3.487505e+01 4.318906e+03 3.277037e+04 3.708927e+04 6.205676e-03 8.533950e+01
3.492505e+01 3.906554e+03 3.318273e+04 3.708929e+04 6.221274e-03 8.641337e+01
3.497505e+01 4.483881e+03 3.260542e+04 3.708930e+04 6.223694e-03 8.490994e+01
3.502505e+01 4.431929e+03 3.265735e+04 3.708928e+04 6.027495e-03 8.504517e+01
3.507505e+01 4.556656e+03 3.253259e+04 3.708925e+04 5.989835e-03 8.472029e+01
3.512505e+01 3.839902e+03 3.324938e+04 3.708928e+04 5.747861e-03 8.658693e+01
3.517505e+01 4.589879e+03 3.249938e+04 3.708926e+04 5.624117e-03 8.463380e+01
3.522505e+01 4.070690e+03 3.301857e+04 3.708926e+04 5.607778e-03 8.598587e+01
3.527505e+01 4.487188e+03 3.260207e+04 3.708925e+04 5.511348e-03 8.490121e+01
3.532505e+01 4.463704e+03 3.262557e+04 3.708927e+04 5.441551e-03 8.496241e+01
3.537505e+01 4.299810e+03 3.278950e+04 3.708931e+04 5.258682e-03 8.538932e+01
3.542505e+01 4.492025e+03 3.259736e+04 3.708938e+04 5.166941e-03 8.488896e+01
3.547505e+01 4.138056e+03 3.295130e+04 3.708935e+04 5.043472e-03 8.581067e+01
3.552505e+01 4.195417e+03 3.289389e+04 3.708931e+04 4.919809e-03 8.566118e+01
3.557505e+01 4.233104e+03 3.285623e+04 3.708933e+04 4.965381e-03 8.556310e+01
3.562505e+01 4.349919e+03 3.273940e+04 3.708932e+04 5.110057e-03 8.525885e+01
3.567505e+01 4.315245e+03 3.277408e+04 3.708933e+04 5.134772e-03 8.534918e+01
3.572505e+01 4.608014e+03 3.248128e+04 3.708929e+04 5.286652e-03 8.458667e+01
3.577505e+01 4.510844e+03 3.257846e+04 3.708930e+04 5.273347e-03 8.483973e+01
3.582505e+01 4.270244e+03 3.281905e+04 3.708930e+04 5.378450e-03 8.546628e+01
3.587505e+01 4.853771e+03 3.223554e+04 3.708932e+04 5.502164e-03 8.394673e+01
3.592505e+01 4.352806e+03 3.273647e+04 3.708928e+04 5.437161e-03 8.525123e+01
3.597505e+01 4.063412e+03 3.302583e+04 3.708924e+04 5.402598e-03 8.600476e+01
3.602505e+01 4.230167e+03 3.285909e+04 3.708926e+04 5.374495e-03 8.557056e+01
3.607505e+01 4.294479e+03 3.279476e+04 3.708924e+04 5.569114e-03 8.540302e+01
3.612505e+01 4.357238e+03 3.273199e+04 3.708922e+04 5.513813e-03 8.523955e+01
3.617505e+01 4.677733e+03 3.241144e+04 3.708917e+04 5.508178e-03 8.440480e+01
3.622505e+01 4.480651e+03 3.260856e+04 3.708921e+04 5.427855e-03 8.491812e+01
3.627505e+01 4.750828e+03 3.233840e+04 3.708922e+04 5.387153e-03 8.421458e+01
3.632505e+01 4.420863e+03 3.266835e+04 3.708921e+04 5.255758e-03 8.507382e+01
3.637505e+01 4.252900e+03 3.283632e+04 3.708922e+04 5.175740e-03 8.551124e+01
3.642505e+01 4.226545e+03 3.286263e+04 3.708918e+04 5.326753e-03 8.557977e+01
3.647505e+01 4.661526e+03 3.242765e+04 3.708918e+04 5.400722e-03 8.444701e+01
3.652505e+01 4.500988e+03 3.258819e+04 3.708918e+04 5.285346e-03 8.486509e+01
3.657505e+01 4.368815e+03 3.272038e+04 3.708919e+04 5.488813e-03 8.520932e+01
3.662505e+01 5.064359e+03 3.202491e+04 3.708927e+04 5.372823e-03 8.339819e+01
3.667505e+01 4.024600e+03 3.306466e+04 3.708926e+04 5.308784e-03 8.610590e+01
3.672505e+01 4.454680e+03 3.263459e+04 3.708927e+04 5.436042e-03 8.498592e+01
3.677505e+01 4.563324e+03 3.252596e+04 3.708929e+04 5.431526e-03 8.470303e+01
3.682505e+01 4.511575e+03 3.257768e+04 3.708925e+04 5.499924e-03 8.483770e+01
3.687505e+01 4.291451e+03 3.279780e+04 3.708925e+04 5.532379e-03 8.541093e+01
3.692505e+01 4.558709e+03 3.253056e+04 3.708927e+04 5.654084e-03 8.471501e+01
3.697505e+01 4.689346e+03 3.239992e+04 3.708927e+04 5.703556e-03 8.437480e+01
3.702505e+01 4.226941e+03 3.286233e+04 3.708927e+04 5.654984e-03 8.557899e+01
3.707505e+01 4.224502e+03 3.286478e+04 3.708928e+04 5.589883e-03 8.558537e+01
3.712505e+01 4.600614e+03 3.248868e+04 3.708929e+04 5.624301e-03 8.460593e+01
3.717505e+01 4.388490e+03 3.270079e+04 3.708927e+04 5.340010e-03 8.515830e+01
3.722505e+01 4.389090e+03 3.270019e+04 3.708928e+04 5.317508e-03 8.515676e+01
3.727505e+01 4.495498e+03 3.259382e+04 3.708932e+04 5.444175e-03 8.487973e+01
3.732505e+01 4.305687e+03 3.278369e+04 3.708937e+04 5.552228e-03 8.537418e+01
3.737505e+01 4.277777e+03 3.281155e+04 3.708933e+04 5.655724e-03 8.544675e+01
3.742505e+01 4.221987e+03 3.286734e+04 3.708933e+04 5.504274e-03 8.559203e+01
3.747505e+01 4.568720e+03 3.252066e+04 3.708938e+04 5.675675e-03 8.468922e+01
3.752505e+01 4.654369e+03 3.243503e+04 3.708940e+04 5.730066e-03 8.446621e+01
3.757505e+01 4.499075e+03 3.259027e+04 3.708935e+04 5.548126e-03 8.487050e+01
3.762505e+01 4.171029e+03 3.291830e+04 3.708933e+04 5.408782e-03 8.572475e+01
3.767505e+01 4.297723e+03 3.279165e+04 3.708937e+04 5.366997e-03 8.539492e+01
3.772505e+01 4.462273e+03 3.262710e+04 3.708937e+04 5.431876e-03 8.496641e+01
3.777505e+01 4.131518e+03 3.295786e+04 3.708938e+04 5.403239e-03 8.582777e+01
3.782505e+01 4.425059e+03 3.266434e+04 3.708940e+04 5.314541e-03 8.506339e+01
3.787505e+01 4.504920e+03 3.258448e+04 3.708940e+04 5.356473e-03 8.485542e+01
3.792505e+01 4.365414e+03 3.272398e+04 3.708939e+04 5.196114e-03 8.521869e+01
3.797505e+01 4.508001e+03 3.258136e+04 3.708937e+04 4.955417e-03 8.484730e+01
3.802505e+01 4.252916e+03 3.283650e+04 3.708941e+04 4.711217e-03 8.551171e+01
3.807505e+01 4.008335e+03 3.308108e+04 3.708941e+04 4.742293e-03 8.614864e+01
3.812505e+01 4.249337e+03 3.284002e+04 3.708936e+04 4.651362e-03 8.552090e+01
3.817505e+01 4.270444e+03 3.281891e+04 3.708935e+04 4.645502e-03 8.546591e+01
3.822505e+01 4.259706e+03 3.282967e+04 3.708937e+04 4.718851e-03 8.549392e+01
3.827505e+01 4.339670e+03 3.274972e+04 3.708939e+04 5.047022e-03 8.528573e+01
3.832505e+01 4.733942e+03 3.235547e+04 3.708941e+04 5.007697e-03 8.425904e+01
3.837505e+01 4.258365e+03 3.283105e+04 3.708941e+04 4.937763e-03 8.549752e+01
3.842505e+01 4.089711e+03 3.299973e+04 3.708944e+04 4.639910e-03 8.593679e+01
3.847505e+01 4.089378e+03 3.300002e+04 3.708940e+04 4.471955e-03 8.593756e+01
3.852505e+01 4.634726e+03 3.245464e+04 3.708937e+04 4.488289e-03 8.451729e+01
3.857505e+01 4.400415e+03 3.268890e+04 3.708932e+04 4.441120e-03 8.512735e+01
3.862505e+01 4.148865e+03 3.294046e+04 3.708933e+04 4.126230e-03 8.578246e+01
3.867505e+01 4.196407e+03 3.289298e+04 3.708938e+04 3.974008e-03 8.565879e+01
3.872505e+01 4.489907e+03 3.259947e+04 3.708938e+04 3.920583e-03 8.489446e+01
3.877505e+01 4.531257e+03 3.255818e+04 3.708944e+04 3.815877e-03 8.478693e+01
3.882505e+01 4.382939e+03 3.270655e+04 3.708949e+04 3.858656e-03 8.517330e+01
3.887505e+01 4.118528e+03 3.297099e+04 3.708952e+04 3.988137e-03 8.586195e+01
3.892505e+01 4.573862e+03 3.251565e+04 3.708951e+04 4.153797e-03 8.467617e+01
3.897505e+01 4.461271e+03 3.262824e+04 3.708951e+04 4.201219e-03 8.496937e+01
3.902505e+01 4.807256e+03 3.228226e+04 3.708951e+04 4.053533e-03 8.406837e+01
3.907505e+01 4.831738e+03 3.225778e+04 3.708952e+04 4.025110e-03 8.400463e+01
3.912505e+01 4.324496e+03 3.276508e+04 3.708957e+04 4.112821e-03 8.532572e+01
3.917505e+01 4.171266e+03 3.291830e+04 3.708957e+04 4.267724e-03 8.572474e+01
3.922505e+01 4.434608e+03 3.265499e+04 3.708960e+04 4.251608e-03 8.503903e+01
3.927505e+01 4.337492e+03 3.275210e+04 3.708959e+04 4.143587e-03 8.529193e+01
3.932505e+01 4.394589e+03 3.269501e+04 3.708960e+04 4.031184e-03 8.514326e+01
3.937505e+01 4.256401e+03 3.283322e+04 3.708962e+04 3.942021e-03 8.550317e+01
3.942505e+01 4.752564e+03 3.233712e+04 3.708968e+04 3.835573e-03 8.421124e+01
3.947505e+01 4.413660e+03 3.267604e+04 3.708970e+04 3.600022e-03 8.509386e+01
3.952505e+01 4.392210e+03 3.269750e+04 3.708971e+04 3.498388e-03 8.514975e+01
3.957505e+01 4.012459e+03 3.307726e+04 3.708972e+04 3.460882e-03 8.613870e+01
3.962505e+01 3.799256e+03 3.329052e+04 3.708978e+04 3.572978e-03 8.669406e+01
3.967505e+01 4.281770e+03 3.280805e+04 3.708982e+04 3.537209e-03 8.543762e+01
3.972505e+01 4.356372e+03 3.273345e+04 3.708983e+04 3.279759e-03 8.524337e+01
3.977505e+01 4.631121e+03 3.245869e+04 3.708981e+04 3.254119e-03 8.452783e+01
3.982505e+01 3.932730e+03 3.315709e+04 3.708982e+04 3.175786e-03 8.634659e+01
3.987505e+01 4.463747e+03 3.262608e+04 3.708983e+04 3.205805e-03 8.496376e+01
3.992505e+01 4.327703e+03 3.276210e+04 3.708980e+04 3.187082e-03 8.531796e+01
3.997505e+01 5.129317e+03 3.196042e+04 3.708974e+04 3.097910e-03 8.323026e+01
4.002505e+01 3.978889e+03 3.311093e+04 3.708982e+04 3.076013e-03 8.622638e+01
4.007505e+01 4.416578e+03 3.267328e+04 3.708986e+04 3.051265e-03 8.508667e+01
4.012505e+01 4.384436e+03 3.270548e+04 3.708991e+04 2.840297e-03 8.517051e+01
4.017505e+01 4.572127e+03 3.251777e+04 3.708990e+04 2.786653e-03 8.468169e+01
4.022505e+01 4.677406e+03 3.241255e+04 3.708996e+04 2.782709e-03 8.440769e+01
4.027505e+01 4.748081e+03 3.234189e+04 3.708997e+04 2.877802e-03 8.422367e+01
4.032505e+01 4.876941e+03 3.221301e+04 3.708995e+04 2.880596e-03 8.388804e+01
4.037505e+01 4.042229e+03 3.304777e+04 3.709000e+04 3.013819e-03 8.606190e+01
4.042505e+01 4.404947e+03 3.268505e+04 3.709000e+04 3.061304e-03 8.511732e+01
4.047505e+01 4.592660e+03 3.249731e+04 3.708997e+04 3.178544e-03 8.462841e+01
4.052505e+01 4.504991e+03 3.258498e+04 3.708997e+04 2.981994e-03 8.485672e+01
4.057505e+01 4.339416e+03 3.275058e+04 3.709000e+04 2.830884e-03 8.528797e+01
4.062505e+01 4.366790e+03 3.272323e+04 3.709002e+04 2.959347e-03 8.521675e+01
4.067505e+01 4.469132e+03 3.262089e+04 3.709002e+04 3.039994e-03 8.495022e+01
4.072505e+01 4.045143e+03 3.304489e+04 3.709004e+04 3.260295e-03 8.605441e+01
4.077505e+01 4.581118e+03 3.250893e+04 3.709004e+04 3.536431e-03 8.465866e+01
4.082505e+01 4.499916e+03 3.259010e+04 3.709002e+04 3.684837e-03 8.487005e+01
4.087505e+01 4.565729e+03 3.252428e+04 3.709001e+04 3.605763e-03 8.469864e+01
4.092505e+01 4.228943e+03 3.286106e+04 3.709001e+04 3.481665e-03 8.557568e+01
4.097505e+01 4.724633e+03 3.236537e+04 3.709000e+04 3.502325e-03 8.428482e+01
4.102505e+01 4.356880e+03 3.273309e+04 3.708997e+04 3.805884e-03 8.524243e+01
4.107505e+01 4.487630e+03 3.260230e+04 3.708993e+04 3.937521e-03 8.490183e+01
4.112505e+01 4.405361e+03 3.268458e+04 3.708994e+04 4.131644e-03 8.511609e+01
4.117505e+01 4.393314e+03 3.269663e+04 3.708994e+04 4.148094e-03 8.514746e+01
4.122505e+01 4.455475e+03 3.263447e+04 3.708994e+04 4.122107e-03 8.498559e+01
4.127505e+01 4.582688e+03 3.250723e+04 3.708992e+04 4.230848e-03 8.465425e+01
4.132505e+01 4.671190e+03 3.241873e+04 3.708992e+04 4.266623e-03 8.442376e+01
4.137505e+01 4.367174e+03 3.272277e+04 3.708995e+04 4.311489e-03 8.521556e+01
4.142505e+01 4.502816e+03 3.258714e+04 3.708995e+04 4.274898e-03 8.486234e+01
4.147505e+01 4.318685e+03 3.277124e+04 3.708993e+04 4.082610e-03 8.534178e+01
4.152505e+01 4.327172e+03 3.276279e+04 3.708996e+04 4.144159e-03 8.531976e+01
4.157505e+01 4.422849e+03 3.266711e+04 3.708996e+04 4.366631e-03 8.507061e+01
4.162505e+01 4.176454e+03 3.291348e+04 3.708994e+04 4.379430e-03 8.571220e+01
4.167505e+01 4.436704e+03 3.265321e+04 3.708991e+04 4.431105e-03 8.503439e+01
4.172505e+01 3.900597e+03 3.318932e+04 3.708992e+04 4.566446e-03 8.643053e+01
4.177505e+01 4.503293e+03 3.258659e+04 3.708989e+04 4.614002e-03 8.486092e+01
4.182505e+01 4.052951e+03 3.303695e+04 3.708990e+04 4.505053e-03 8.603372e+01
4.187505e+01 4.545891e+03 3.254398e+04 3.708987e+04 4.335036e-03 8.474994e+01
4.192505e+01 4.428779e+03 3.266108e+04 3.708986e+04 4.443253e-03 8.505489e+01
4.197505e+01 4.897741e+03 3.219214e+04 3.708988e+04 4.536753e-03 8.383370e+01
4.202505e+01 4.614286e+03 3.247555e+04 3.708984e+04 4.730908e-03 8.457176e+01
4.207505e+01 4.273607e+03 3.281623e+04 3.708984e+04 5.010693e-03 8.545894e+01
4.212505e+01 4.402423e+03 3.268744e+04 3.708986e+04 4.991323e-03 8.512354e+01
4.217505e+01 4.299475e+03 3.279046e+04 3.708993e+04 4.894139e-03 8.539181e+01
4.222505e+01 4.692239e+03 3.239772e+04 3.708996e+04 4.757392e-03 8.436907e+01
4.227505e+01 4.391997e+03 3.269798e+04 3.708998e+04 4.706045e-03 8.515100e+01
4.232505e+01 4.322057e+03 3.276793e+04 3.708998e+04 4.590420e-03 8.533314e+01
4.237505e+01 4.069298e+03 3.302071e+04 3.709000e+04 4.600983e-03 8.599142e+01
4.242505e+01 4.420637e+03 3.266942e+04 3.709006e+04 4.471953e-03 8.507661e+01
4.247505e+01 4.232439e+03 3.285763e+04 3.709007e+04 4.497196e-03 8.556675e+01
4.252505e+01 4.413388e+03 3.267669e+04 3.709007e+04 4.664303e-03 8.509554e+01
4.257505e+01 4.284131e+03 3.280593e+04 3.709006e+04 4.660918e-03 8.543210e+01
4.262505e+01 4.661959e+03 3.242810e+04 3.709006e+04 4.725127e-03 8.444818e+01
4.267505e+01 4.111775e+03 3.297832e+04 3.709010e+04 4.634647e-03 8.588104e+01
4.272505e+01 4.049192e+03 3.304088e+04 3.709007e+04 4.696640e-03 8.604396e+01
4.277505e+01 4.484184e+03 3.260586e+04 3.709005e+04 4.798940e-03 8.491111e+01
4.282505e+01 4.323095e+03 3.276693e+04 3.709002e+04 4.584187e-03 8.533054e+01
4.287505e+01 4.367860e+03 3.272216e+04 3.709001e+04 4.790172e-03 8.521395e+01
4.292505e+01 3.980830e+03 3.310922e+04 3.709005e+04 4.852509e-03 8.622193e+01
4.297505e+01 4.269380e+03 3.282069e+04 3.709007e+04 4.962234e-03 8.547054e+01
4.302505e+01 4.666293e+03 3.242379e+04 3.709008e+04 4.767435e-03 8.443695e+01
4.307505e+01 4.434815e+03 3.265521e+04 3.709003e+04 4.547308e-03 8.503962e+01
4.312505e+01 4.659740e+03 3.243033e+04 3.709007e+04 4.522458e-03 8.445398e+01
4.317505e+01 4.835890e+03 3.225423e+04 3.709012e+04 4.263264e-03 8.399539e+01
4.322505e+01 4.205976e+03 3.288416e+04 3.709014e+04 4.008021e-03 8.563584e+01
4.327505e+01 4.168903e+03 3.292125e+04 3.709015e+04 3.907649e-03 8.573242e+01
4.332505e+01 4.164682e+03 3.292546e+04 3.709014e+04 3.884327e-03 8.574338e+01
4.337505e+01 4.176940e+03 3.291322e+04 3.709016e+04 4.006985e-03 8.571152e+01
4.342505e+01 4.783460e+03 3.230668e+04 3.709014e+04 3.906034e-03 8.413199e+01
4.347505e+01 4.470268e+03 3.261990e+04 3.709016e+04 4.110291e-03 8.494765e+01
4.352505e+01 4.267983e+03 3.282219e+04 3.709018e+04 4.205063e-03 8.547446e+01
4.357505e+01 4.609520e+03 3.248067e+04 3.709019e+04 4.314535e-03 8.458508e+01
4.362505e+01 4.642371e+03 3.244785e+04 3.709023e+04 4.213165e-03 8.449962e+01
4.367505e+01 4.467220e+03 3.262303e+04 3.709025e+04 4.028308e-03 8.495581e+01
4.372505e+01 4.089688e+03 3.300061e+04 3.709030e+04 3.917429e-03 8.593909e+01
4.377505e+01 4.123956e+03 3.296633e+04 3.709029e+04 3.921980e-03 8.584982e+01
4.382505e+01 4.318219e+03 3.277209e+04 3.709031e+04 3.775089e-03 8.534399e+01
4.387505e+01 4.567971e+03 3.252237e+04 3.709034e+04 3.706106e-03 8.469366e+01
4.392505e+01 4.230474e+03 3.285986e+04 3.709034e+04 3.494236e-03 8.557256e+01
4.397505e+01 4.312370e+03 3.277793e+04 3.709030e+04 3.503266e-03 8.535918e+01
4.402505e+01 4.170624e+03 3.291964e+04 3.709026e+04 3.538388e-03 8.572822e+01
4.407505e+01 4.800810e+03 3.228944e+04 3.709025e+04 3.542712e-03 8.408708e+01
4.412505e+01 4.561784e+03 3.252853e+04 3.709031e+04 3.651782e-03 8.470970e+01
4.417505e+01 4.451413e+03 3.263893e+04 3.709034e+04 3.548367e-03 8.499720e+01
4.422505e+01 4.892363e+03 3.219795e+04 3.709032e+04 3.664989e-03 8.384884e+01
4.427505e+01 4.627626e+03 3.246272e+04 3.709035e+04 3.988060e-03 8.453834e+01
4.432505e+01 4.178815e+03 3.291161e+04 3.709042e+04 4.024780e-03 8.570731e+01
4.437505e+01 4.008774e+03 3.308167e+04 3.709044e+04 4.245608e-03 8.615017e+01
4.442505e+01 4.834190e+03 3.225620e+04 3.709039e+04 4.064795e-03 8.400052e+01
4.447505e+01 4.169169e+03 3.292127e+04 3.709043e+04 4.048520e-03 8.573246e+01
4.452505e+01 4.026523e+03 3.306391e+04 3.709043e+04 4.026995e-03 8.610392e+01
4.457505e+01 4.062408e+03 3.302802e+04 3.709043e+04 3.955256e-03 8.601048e+01
4.462505e+01 4.433355e+03 3.265705e+04 3.709040e+04 4.072551e-03 8.504439e+01
4.467505e+01 3.514582e+03 3.357581e+04 3.709039e+04 4.203445e-03 8.743700e+01
4.472505e+01 4.513398e+03 3.257702e+04 3.709042e+04 4.178056e-03 8.483599e+01
4.477505e+01 4.521306e+03 3.256915e+04 3.709046e+04 4.169346e-03 8.481551e+01
4.482505e+01 4.515466e+03 3.257500e+04 3.709047e+04 4.248946e-03 8.483074e+01
4.487505e+01 4.548117e+03 3.254229e+04 3.709040e+04 4.165810e-03 8.474554e+01
4.492505e+01 4.073843e+03 3.301658e+04 3.709042e+04 4.216126e-03 8.598067e+01
4.497505e+01 4.631679e+03 3.245875e+04 3.709043e+04 4.357627e-03 8.452799e+01
4.502505e+01 4.442507e+03 3.264795e+04 3.709045e+04 4.437392e-03 8.502070e+01
4.507505e+01 4.314432e+03 3.277599e+04 3.709042e+04 4.702250e-03 8.535414e+01
4.512505e+01 4.229836e+03 3.286056e+04 3.709040e+04 4.897668e-03 8.557438e+01
4.517505e+01 4.427130e+03 3.266324e+04 3.709037e+04 5.096511e-03 8.506053e+01
4.522505e+01 4.322304e+03 3.276808e+04 3.709039e+04 5.046001e-03 8.533355e+01
4.527505e+01 4.142558e+03 3.294783e+04 3.709039e+04 5.142597e-03 8.580164e+01
4.532505e+01 4.104712e+03 3.298570e+04 3.709041e+04 4.890418e-03 8.590025e+01
4.537505e+01 4.436051e+03 3.265437e+04 3.709042e+04 4.921408e-03 8.503743e+01
4.542505e+01 4.772459e+03 3.231795e+04 3.709041e+04 4.932824e-03 8.416134e+01
4.547505e+01 4.790816e+03 3.229960e+04 3.709042e+04 4.939530e-03 8.411355e+01
4.552505e+01 4.418695e+03 3.267174e+04 3.709043e+04 5.076781e-03 8.508264e+01
4.557505e+01 4.377288e+03 3.271316e+04 3.709044e+04 5.062363e-03 8.519051e+01
4.562505e+01 4.790599e+03 3.229984e+04 3.709044e+04 4.990364e-03 8.411417e+01
4.567505e+01 4.090920e+03 3.299952e+04 3.709044e+04 4.898827e-03 8.593626e+01
4.572505e+01 4.435462e+03 3.265497e+04 3.709043e+04 4.698079e-03 8.503898e+01
4.577505e+01 4.589426e+03 3.250099e+04 3.709042e+04 4.776725e-03 8.463799e+01
4.582505e+01 3.991518e+03 3.309893e+04 3.709045e+04 4.943470e-03 8.619514e+01
4.587505e+01 4.380721e+03 3.270973e+04 3.709045e+04 5.005430e-03 8.518158e+01
4.592505e+01 4.304373e+03 3.278606e+04 3.709043e+04 5.080825e-03 8.538037e+01
4.597505e+01 4.659601e+03 3.243084e+04 3.709044e+04 5.056778e-03 8.445532e+01
4.602505e+01 4.625389e+03 3.246511e+04 3.709050e+04 5.086172e-03 8.454455e+01
4.607505e+01 4.539096e+03 3.255144e+04 3.709054e+04 4.905967e-03 8.476938e+01
4.612505e+01 4.082126e+03 3.300845e+04 3.709058e+04 4.881516e-03 8.595952e+01
4.617505e+01 3.907366e+03 3.318325e+04 3.709062e+04 4.747182e-03 8.641471e+01
4.622505e+01 4.282360e+03 3.280822e+04 3.709059e+04 4.586672e-03 8.543809e+01
4.627505e+01 4.468051e+03 3.262248e+04 3.709054e+04 4.610358e-03 8.495439e+01
4.632505e+01 4.781891e+03 3.230865e+04 3.709054e+04 4.632021e-03 8.413711e+01
4.637505e+01 4.920522e+03 3.217006e+04 3.709058e+04 4.520540e-03 8.377619e+01
4.642505e+01 4.092095e+03 3.299848e+04 3.709058e+04 4.493769e-03 8.593355e+01
4.647505e+01 4.448717e+03 3.264183e+04 3.709055e+04 4.545336e-03 8.500477e+01
4.652505e+01 4.236598e+03 3.285392e+04 3.709052e+04 4.457212e-03 8.555709e+01
4.657505e+01 4.244976e+03 3.284552e+04 3.709049e+04 4.515120e-03 8.553520e+01
4.662505e+01 4.142359e+03 3.294809e+04 3.709045e+04 4.652674e-03 8.580233e+01
4.667505e+01 4.421638e+03 3.266877e+04 3.709040e+04 4.753716e-03 8.507491e+01
4.672505e+01 4.457818e+03 3.263264e+04 3.709045e+04 4.472753e-03 8.498082e+01
4.677505e+01 4.927434e+03 3.216304e+04 3.709048e+04 4.515657e-03 8.375793e+01
4.682505e+01 4.221726e+03 3.286880e+04 3.709052e+04 4.761875e-03 8.559583e+01
4.687505e+01 4.191056e+03 3.289945e+04 3.709051e+04 4.851609e-03 8.567566e+01
4.692505e+01 4.394842e+03 3.269558e+04 3.709042e+04 4.918694e-03 8.514473e+01
4.697505e+01 4.389819e+03 3.270058e+04 3.709040e+04 4.904560e-03 8.515777e+01
4.702505e+01 4.795927e+03 3.229444e+04 3.709037e+04 4.920025e-03 8.410010e+01
4.707505e+01 4.778634e+03 3.231175e+04 3.709039e+04 4.958048e-03 8.414519e+01
4.712505e+01 4.763285e+03 3.232711e+04 3.709039e+04 5.115768e-03 8.418518e+01
4.717505e+01 4.412145e+03 3.267829e+04 3.709043e+04 5.192883e-03 8.509971e+01
4.722505e+01 4.559979e+03 3.253051e+04 3.709049e+04 5.164197e-03 8.471488e+01
4.727505e+01 5.514536e+03 3.157602e+04 3.709056e+04 5.037712e-03 8.222923e+01
4.732505e+01 4.117864e+03 3.297277e+04 3.709063e+04 5.124082e-03 8.586658e+01
4.737505e+01 4.227809e+03 3.286283e+04 3.709064e+04 5.119765e-03 8.558028e+01
4.742505e+01 4.189654e+03 3.290096e+04 3.709061e+04 5.204045e-03 8.567958e+01
4.747505e+01 4.331989e+03 3.275863e+04 3.709062e+04 5.322319e-03 8.530894e+01
4.752505e+01 4.057483e+03 3.303317e+04 3.709066e+04 5.339425e-03 8.602389e+01
4.757505e+01 4.454966e+03 3.263566e+04 3.709062e+04 5.296795e-03 8.498869e+01
4.762505e+01 4.099297e+03 3.299133e+04 3.709062e+04 5.104763e-03 8.591491e+01
4.767505e+01 3.716449e+03 3.337417e+04 3.709062e+04 5.084156e-03 8.691191e+01
4.772505e+01 4.145542e+03 3.294508e+04 3.709062e+04 4.899235e-03 8.579448e+01
4.777505e+01 4.554147e+03 3.253645e+04 3.709060e+04 4.604169e-03 8.473035e+01
4.782505e+01 4.809148e+03 3.228145e+04 3.709060e+04 4.625858e-03 8.406628e+01
4.787505e+01 4.148900e+03 3.294169e+04 3.709059e+04 4.448184e-03 8.578566e+01
4.792505e+01 4.564354e+03 3.252620e+04 3.709055e+04 4.262018e-03 8.470364e+01
4.797505e+01 4.574974e+03 3.251556e+04 3.709054e+04 4.272994e-03 8.467595e+01
4.802505e+01 4.402730e+03 3.268784e+04 3.709057e+04 4.476374e-03 8.512458e+01
4.807505e+01 4.452908e+03 3.263762e+04 3.709053e+04 4.592031e-03 8.499381e+01
4.812505e+01 4.488742e+03 3.260180e+04 3.709054e+04 4.475296e-03 8.490053e+01
4.817505e+01 4.246861e+03 3.284372e+04 3.709058e+04 4.146244e-03 8.553052e+01
4.822505e+01 4.077694e+03 3.301292e+04 3.709062e+04 3.941306e-03 8.597115e+01
4.827505e+01 4.511328e+03 3.257928e+04 3.709061e+04 4.165589e-03 8.484188e+01
4.832505e+01 4.731402e+03 3.235923e+04 3.709063e+04 4.246440e-03 8.426883e+01
4.837505e+01 4.438507e+03 3.265215e+04 3.709066e+04 4.290177e-03 8.503165e+01
4.842505e+01 4.433265e+03 3.265736e+04 3.709062e+04 4.223020e-03 8.504520e+01
4.847505e+01 4.215068e+03 3.287553e+04 3.709060e+04 4.318189e-03 8.561337e+01
4.852505e+01 4.573380e+03 3.251727e+04 3.709065e+04 4.641808e-03 8.468039e+01
4.857505e+01 3.943015e+03 3.314769e+04 3.709070e+04 4.736417e-03 8.632210e+01
4.862505e+01 4.075057e+03 3.301567e+04 3.709073e+04 4.819169e-03 8.597831e+01
4.867505e+01 4.293136e+03 3.279753e+04 3.709066e+04 4.947044e-03 8.541023e+01
4.872505e+01 4.739254e+03 3.235139e+04 3.709064e+04 5.043750e-03 8.424841e+01
4.877505e+01 4.117886e+03 3.297279e+04 3.709068e+04 5.097615e-03 8.586665e+01
4.882505e+01 4.723492e+03 3.236717e+04 3.709066e+04 5.140606e-03 8.428950e+01
4.887505e+01 4.655589e+03 3.243508e+04 3.709067e+04 5.010104e-03 8.446635e+01
4.892505e+01 4.145254e+03 3.294542e+04 3.709067e+04 5.113063e-03 8.579536e+01
4.897505e+01 4.089258e+03 3.300143e+04 3.709069e+04 5.359138e-03 8.594123e+01
4.902505e+01 4.656680e+03 3.243393e+04 3.709061e+04 5.448789e-03 8.446336e+01
4.907505e+01 4.666542e+03 3.242405e+04 3.709060e+04 5.649428e-03 8.443764e+01
4.912505e+01 4.787351e+03 3.230324e+04 3.709059e+04 5.625616e-03 8.412302e+01
4.917505e+01 4.630205e+03 3.246034e+04 3.709054e+04 5.726752e-03 8.453213e+01
4.922505e+01 4.044187e+03 3.304638e+04 3.709057e+04 5.836366e-03 8.605829e+01
4.927505e+01 4.762106e+03 3.232844e+04 3.709055e+04 5.502686e-03 8.418865e+01
4.932505e+01 4.417279e+03 3.267324e+04 3.709052e+04 5.284106e-03 8.508656e+01
4.937505e+01 4.340040e+03 3.275052e+04 3.709056e+04 5.388504e-03 8.528782e+01
4.942505e+01 4.628794e+03 3.246179e+04 3.709059e+04 5.523394e-03 8.453592e+01
4.947505e+01 4.555989e+03 3.253462e+04 3.709061e+04 5.580501e-03 8.472558e+01
4.952505e+01 4.091984e+03 3.299865e+04 3.709063e+04 5.815546e-03 8.593397e+01
4.957505e+01 4.281920e+03 3.280874e+04 3.709066e+04 5.702129e-03 8.543944e+01
4.962505e+01 4.194158e+03 3.289650e+04 3.709066e+04 5.832468e-03 8.566797e+01
4.967505e+01 4.429397e+03 3.266123e+04 3.709063e+04 6.055537e-03 8.505528e+01
4.972505e+01 4.329810e+03 3.276086e+04 3.709067e+04 5.966274e-03 8.531474e+01
4.977505e+01 4.348943e+03 3.274178e+04 3.709072e+04 5.883007e-03 8.526505e+01
4.982505e+01 4.619806e+03 3.247091e+04 3.709071e+04 5.813240e-03 8.455965e+01
4.987505e+01 4.216497e+03 3.287420e+04 3.709069e+04 5.864946e-03 8.560989e+01
4.992505e+01 4.397964e+03 3.269264e+04 3.709060e+04 5.907720e-03 8.513707e+01
4.997505e+01 4.460636e+03 3.262998e+04 3.709062e+04 5.893338e-03 8.497391e+01
